@ feature_folders/XIHXAP_clean/zeo++/XIHXAP_clean_sa.txt Unitcell_volume: 2980.99   Density: 1.26837   ASA_A^2: 0 ASA_m^2/cm^3: 0 ASA_m^2/g: 0 NASA_A^2: 123.577 NASA_m^2/cm^3: 414.549 NASA_m^2/g: 326.836
Number_of_channels: 0 Channel_surface_area_A^2: 
Number_of_pockets: 6 Pocket_surface_area_A^2: 30.3384  28.9283  29.4662  30.1937  2.42459  2.22541  
