@ feature_folders/RAXDAX_clean/zeo++/RAXDAX_clean_sa.txt Unitcell_volume: 1997.89   Density: 1.43873   ASA_A^2: 0 ASA_m^2/cm^3: 0 ASA_m^2/g: 0 NASA_A^2: 0.185235 NASA_m^2/cm^3: 0.927155 NASA_m^2/g: 0.644426
Number_of_channels: 0 Channel_surface_area_A^2: 
Number_of_pockets: 4 Pocket_surface_area_A^2: 0.047164  0.0437435  0.0362281  0.0580999  
