@ feature_folders/QOCBEQ/zeo++/QOCBEQ_sa.txt Unitcell_volume: 3452.19   Density: 0.972106   ASA_A^2: 390.736 ASA_m^2/cm^3: 1131.85 ASA_m^2/g: 1164.33 NASA_A^2: 3.21909 NASA_m^2/cm^3: 9.32476 NASA_m^2/g: 9.59233
Number_of_channels: 1 Channel_surface_area_A^2: 390.736  
Number_of_pockets: 2 Pocket_surface_area_A^2: 1.39799  1.8211  
