@ feature_folders/LAGCUU/zeo++/LAGCUU_sa.txt Unitcell_volume: 3120.32   Density: 1.49053   ASA_A^2: 0 ASA_m^2/cm^3: 0 ASA_m^2/g: 0 NASA_A^2: 77.3387 NASA_m^2/cm^3: 247.855 NASA_m^2/g: 166.287
Number_of_channels: 0 Channel_surface_area_A^2: 
Number_of_pockets: 12 Pocket_surface_area_A^2: 16.3304  1.36081  1.53915  16.1076  1.24682  1.58003  17.1146  16.6452  1.40674  1.32169  1.43844  1.24734  
