@ feature_folders/HIYLUY_clean/zeo++/HIYLUY_clean_sa.txt Unitcell_volume: 7303.15   Density: 2.0742   ASA_A^2: 0 ASA_m^2/cm^3: 0 ASA_m^2/g: 0 NASA_A^2: 97.1286 NASA_m^2/cm^3: 132.996 NASA_m^2/g: 64.1191
Number_of_channels: 0 Channel_surface_area_A^2: 
Number_of_pockets: 20 Pocket_surface_area_A^2: 5.25069  2.95269  3.05437  3.23473  4.95316  2.85577  7.84006  7.88515  5.40892  4.67957  3.17462  2.68468  4.79643  2.42477  2.82348  4.92795  9.39772  9.24153  4.6261  4.91622  
