@ feature_folders/EQEROJ_clean/zeo++/EQEROJ_clean_sa.txt Unitcell_volume: 2533.67   Density: 1.42386   ASA_A^2: 0 ASA_m^2/cm^3: 0 ASA_m^2/g: 0 NASA_A^2: 19.6221 NASA_m^2/cm^3: 77.4453 NASA_m^2/g: 54.3912
Number_of_channels: 0 Channel_surface_area_A^2: 
Number_of_pockets: 8 Pocket_surface_area_A^2: 2.24189  2.64511  2.88262  2.13882  2.58501  2.4395  2.15379  2.53532  
