@ feature_folders/ISIYOZ_clean/zeo++/ISIYOZ_clean_sa.txt Unitcell_volume: 2065.95   Density: 2.23336   ASA_A^2: 0 ASA_m^2/cm^3: 0 ASA_m^2/g: 0 NASA_A^2: 8.81687 NASA_m^2/cm^3: 42.6771 NASA_m^2/g: 19.1089
Number_of_channels: 0 Channel_surface_area_A^2: 
Number_of_pockets: 8 Pocket_surface_area_A^2: 1.03989  1.26998  1.06613  0.958799  1.14173  1.18233  1.18491  0.973096  
