@ feature_folders/VEHLEA01/zeo++/VEHLEA01_sa.txt Unitcell_volume: 1962.93   Density: 1.74633   ASA_A^2: 0 ASA_m^2/cm^3: 0 ASA_m^2/g: 0 NASA_A^2: 39.4269 NASA_m^2/cm^3: 200.857 NASA_m^2/g: 115.017
Number_of_channels: 0 Channel_surface_area_A^2: 
Number_of_pockets: 8 Pocket_surface_area_A^2: 4.61792  4.92417  4.96931  5.24343  4.83529  5.02057  4.88385  4.93236  
