@ feature_folders/Cd2_L2_2_Br_2_H2O_3/zeo++/Cd2_L2_2_Br_2_H2O_3_sa.txt Unitcell_volume: 1349.54   Density: 1.90478   ASA_A^2: 0 ASA_m^2/cm^3: 0 ASA_m^2/g: 0 NASA_A^2: 0.0988379 NASA_m^2/cm^3: 0.732384 NASA_m^2/g: 0.384497
Number_of_channels: 0 Channel_surface_area_A^2: 
Number_of_pockets: 2 Pocket_surface_area_A^2: 0.0159261  0.0829118  
