@ feature_folders/ZOZKEG_clean/zeo++/ZOZKEG_clean_sa.txt Unitcell_volume: 5154.91   Density: 1.12239   ASA_A^2: 483.248 ASA_m^2/cm^3: 937.451 ASA_m^2/g: 835.228 NASA_A^2: 9.54367 NASA_m^2/cm^3: 18.5137 NASA_m^2/g: 16.4949
Number_of_channels: 2 Channel_surface_area_A^2: 60.2386  423.009  
Number_of_pockets: 2 Pocket_surface_area_A^2: 4.70964  4.83403  
