@ feature_folders/MAKGUD/zeo++/MAKGUD_sa.txt Unitcell_volume: 7969.46   Density: 1.84426   ASA_A^2: 0 ASA_m^2/cm^3: 0 ASA_m^2/g: 0 NASA_A^2: 1.02906 NASA_m^2/cm^3: 1.29126 NASA_m^2/g: 0.700149
Number_of_channels: 0 Channel_surface_area_A^2: 
Number_of_pockets: 8 Pocket_surface_area_A^2: 0.206705  0.0936534  0.123041  0.0977484  0.133302  0.118946  0.0970738  0.158594  
