@ feature_folders/COYBUO/zeo++/COYBUO_sa.txt Unitcell_volume: 4881.32   Density: 1.1939   ASA_A^2: 353.548 ASA_m^2/cm^3: 724.288 ASA_m^2/g: 606.656 NASA_A^2: 77.3596 NASA_m^2/cm^3: 158.481 NASA_m^2/g: 132.742
Number_of_channels: 2 Channel_surface_area_A^2: 125.185  228.363  
Number_of_pockets: 7 Pocket_surface_area_A^2: 25.3389  26.8697  3.73476  3.73144  17.4808  0.0915219  0.112438  
