@ feature_folders/DEYXIQ_clean/zeo++/DEYXIQ_clean_sa.txt Unitcell_volume: 2698.07   Density: 1.3149   ASA_A^2: 0 ASA_m^2/cm^3: 0 ASA_m^2/g: 0 NASA_A^2: 87.3914 NASA_m^2/cm^3: 323.903 NASA_m^2/g: 246.334
Number_of_channels: 0 Channel_surface_area_A^2: 
Number_of_pockets: 8 Pocket_surface_area_A^2: 17.688  4.78598  4.69456  16.6205  17.1845  4.58219  17.3332  4.50258  
