@ feature_folders/IJEVIE_clean/zeo++/IJEVIE_clean_sa.txt Unitcell_volume: 3591.43   Density: 1.47483   ASA_A^2: 0 ASA_m^2/cm^3: 0 ASA_m^2/g: 0 NASA_A^2: 318.199 NASA_m^2/cm^3: 885.994 NASA_m^2/g: 600.742
Number_of_channels: 0 Channel_surface_area_A^2: 
Number_of_pockets: 5 Pocket_surface_area_A^2: 318.068  0.0287126  0.0302824  0.0574253  0.0143563  
