@ feature_folders/OCUMIL_clean/zeo++/OCUMIL_clean_sa.txt Unitcell_volume: 2781.99   Density: 1.25606   ASA_A^2: 264.642 ASA_m^2/cm^3: 951.269 ASA_m^2/g: 757.343 NASA_A^2: 0.259755 NASA_m^2/cm^3: 0.933704 NASA_m^2/g: 0.743359
Number_of_channels: 1 Channel_surface_area_A^2: 264.642  
Number_of_pockets: 4 Pocket_surface_area_A^2: 0.0159261  0.0477783  0.0749212  0.12113  
