@ feature_folders/OTODOS/zeo++/OTODOS_sa.txt Unitcell_volume: 3932.33   Density: 1.13572   ASA_A^2: 381.418 ASA_m^2/cm^3: 969.954 ASA_m^2/g: 854.046 NASA_A^2: 7.74261 NASA_m^2/cm^3: 19.6896 NASA_m^2/g: 17.3367
Number_of_channels: 2 Channel_surface_area_A^2: 191.178  190.24  
Number_of_pockets: 8 Pocket_surface_area_A^2: 1.10452  1.04984  1.03891  0.973294  0.852999  1.07172  0.885807  0.765512  
