@ feature_folders/HUSQES_clean/zeo++/HUSQES_clean_sa.txt Unitcell_volume: 2336.92   Density: 1.4047   ASA_A^2: 0 ASA_m^2/cm^3: 0 ASA_m^2/g: 0 NASA_A^2: 5.02372 NASA_m^2/cm^3: 21.4972 NASA_m^2/g: 15.3037
Number_of_channels: 0 Channel_surface_area_A^2: 
Number_of_pockets: 12 Pocket_surface_area_A^2: 0.194233  0.634416  0.221095  0.889208  0.14585  0.291349  0.191436  0.24052  0.858763  0.810107  0.239467  0.307275  
