@ feature_folders/DONKUO_clean/zeo++/DONKUO_clean_sa.txt Unitcell_volume: 3267.3   Density: 1.13   ASA_A^2: 0 ASA_m^2/cm^3: 0 ASA_m^2/g: 0 NASA_A^2: 165.833 NASA_m^2/cm^3: 507.552 NASA_m^2/g: 449.159
Number_of_channels: 0 Channel_surface_area_A^2: 
Number_of_pockets: 9 Pocket_surface_area_A^2: 1.64925  1.74172  121.382  18.8186  0.0287126  1.73236  1.59183  18.8733  0.0143563  
