@ feature_folders/GUMBIA_clean/zeo++/GUMBIA_clean_sa.txt Unitcell_volume: 2654.17   Density: 1.17543   ASA_A^2: 0 ASA_m^2/cm^3: 0 ASA_m^2/g: 0 NASA_A^2: 141.577 NASA_m^2/cm^3: 533.414 NASA_m^2/g: 453.804
Number_of_channels: 0 Channel_surface_area_A^2: 
Number_of_pockets: 6 Pocket_surface_area_A^2: 70.4942  70.3036  0.170045  0.140764  0.219081  0.249619  
