@ feature_folders/DUYRIZ_clean/zeo++/DUYRIZ_clean_sa.txt Unitcell_volume: 14268.4   Density: 3.398   ASA_A^2: 0 ASA_m^2/cm^3: 0 ASA_m^2/g: 0 NASA_A^2: 581.223 NASA_m^2/cm^3: 407.351 NASA_m^2/g: 119.88
Number_of_channels: 0 Channel_surface_area_A^2: 
Number_of_pockets: 32 Pocket_surface_area_A^2: 67.6002  1.86157  0.152297  1.33782  1.48116  70.9619  1.24047  0.190999  1.84252  69.4581  68.7335  1.15433  0.219712  0.0861379  1.86218  1.99077  1.84849  2.14834  1.27052  1.87507  1.10161  0.114851  2.0672  1.13683  0.0861379  0.252792  1.12068  0.242802  69.8003  70.4278  67.8208  69.7352  
