@ feature_folders/SOTWOP_clean/zeo++/SOTWOP_clean_sa.txt Unitcell_volume: 2220.67   Density: 1.16378   ASA_A^2: 416.295 ASA_m^2/cm^3: 1874.64 ASA_m^2/g: 1610.82 NASA_A^2: 1.30754 NASA_m^2/cm^3: 5.88805 NASA_m^2/g: 5.0594
Number_of_channels: 1 Channel_surface_area_A^2: 416.295  
Number_of_pockets: 2 Pocket_surface_area_A^2: 0.731944  0.575595  
