@ feature_folders/UGOCEA/zeo++/UGOCEA_sa.txt Unitcell_volume: 22161.2   Density: 0.961272   ASA_A^2: 4162.23 ASA_m^2/cm^3: 1878.16 ASA_m^2/g: 1953.83 NASA_A^2: 16.3569 NASA_m^2/cm^3: 7.38088 NASA_m^2/g: 7.67824
Number_of_channels: 1 Channel_surface_area_A^2: 4162.23  
Number_of_pockets: 4 Pocket_surface_area_A^2: 4.46044  4.26989  2.9146  4.71201  
