@ feature_folders/BAXFIR01_clean/zeo++/BAXFIR01_clean_sa.txt Unitcell_volume: 1395.28   Density: 1.30493   ASA_A^2: 0 ASA_m^2/cm^3: 0 ASA_m^2/g: 0 NASA_A^2: 13.8119 NASA_m^2/cm^3: 98.9903 NASA_m^2/g: 75.8585
Number_of_channels: 0 Channel_surface_area_A^2: 
Number_of_pockets: 8 Pocket_surface_area_A^2: 1.03277  2.50595  2.53952  2.4651  0.774925  2.58021  0.828291  1.08518  
