@ feature_folders/SUJREV_clean/zeo++/SUJREV_clean_sa.txt Unitcell_volume: 4216.64   Density: 1.22146   ASA_A^2: 0 ASA_m^2/cm^3: 0 ASA_m^2/g: 0 NASA_A^2: 16.4502 NASA_m^2/cm^3: 39.0125 NASA_m^2/g: 31.9392
Number_of_channels: 0 Channel_surface_area_A^2: 
Number_of_pockets: 16 Pocket_surface_area_A^2: 1.60078  0.525562  1.68254  0.414079  1.43176  1.48644  0.334448  0.302596  0.605192  0.477783  1.28747  1.72841  0.430005  1.86346  1.83373  0.445931  
