@ feature_folders/KOMGID/zeo++/KOMGID_sa.txt Unitcell_volume: 3663.3   Density: 1.29294   ASA_A^2: 0 ASA_m^2/cm^3: 0 ASA_m^2/g: 0 NASA_A^2: 154.989 NASA_m^2/cm^3: 423.086 NASA_m^2/g: 327.227
Number_of_channels: 0 Channel_surface_area_A^2: 
Number_of_pockets: 12 Pocket_surface_area_A^2: 0.641822  69.927  0.609014  0.647767  71.2449  4.14748  0.755215  0.707437  0.541275  0.650634  4.29888  0.817964  
