@ feature_folders/GUXSEY_clean/zeo++/GUXSEY_clean_sa.txt Unitcell_volume: 2136.98   Density: 1.49869   ASA_A^2: 0 ASA_m^2/cm^3: 0 ASA_m^2/g: 0 NASA_A^2: 147.456 NASA_m^2/cm^3: 690.022 NASA_m^2/g: 460.418
Number_of_channels: 0 Channel_surface_area_A^2: 
Number_of_pockets: 6 Pocket_surface_area_A^2: 65.93  68.632  3.30056  3.1155  3.35932  3.11886  
