@ feature_folders/MEJZUY_clean/zeo++/MEJZUY_clean_sa.txt Unitcell_volume: 2682.74   Density: 1.7873   ASA_A^2: 0 ASA_m^2/cm^3: 0 ASA_m^2/g: 0 NASA_A^2: 58.3934 NASA_m^2/cm^3: 217.664 NASA_m^2/g: 121.783
Number_of_channels: 0 Channel_surface_area_A^2: 
Number_of_pockets: 5 Pocket_surface_area_A^2: 0.167399  0.605935  57.0029  0.172449  0.444763  
