@ feature_folders/ESARIB/zeo++/ESARIB_sa.txt Unitcell_volume: 3833.33   Density: 1.78615   ASA_A^2: 0 ASA_m^2/cm^3: 0 ASA_m^2/g: 0 NASA_A^2: 59.2879 NASA_m^2/cm^3: 154.664 NASA_m^2/g: 86.5907
Number_of_channels: 0 Channel_surface_area_A^2: 
Number_of_pockets: 8 Pocket_surface_area_A^2: 13.0315  1.66779  1.75527  12.8901  13.0375  1.5305  1.52266  13.8526  
