@ feature_folders/HEKTUO01_clean/zeo++/HEKTUO01_clean_sa.txt Unitcell_volume: 1872.35   Density: 1.60287   ASA_A^2: 0 ASA_m^2/cm^3: 0 ASA_m^2/g: 0 NASA_A^2: 61.4402 NASA_m^2/cm^3: 328.145 NASA_m^2/g: 204.723
Number_of_channels: 0 Channel_surface_area_A^2: 
Number_of_pockets: 6 Pocket_surface_area_A^2: 21.2713  4.51994  4.7286  5.12845  4.60915  21.1827  
