@ feature_folders/MIFROK_clean/zeo++/MIFROK_clean_sa.txt Unitcell_volume: 12002.1   Density: 1.44498   ASA_A^2: 546.062 ASA_m^2/cm^3: 454.974 ASA_m^2/g: 314.865 NASA_A^2: 22.3483 NASA_m^2/cm^3: 18.6204 NASA_m^2/g: 12.8863
Number_of_channels: 2 Channel_surface_area_A^2: 272.033  274.029  
Number_of_pockets: 8 Pocket_surface_area_A^2: 3.27457  2.86143  2.75504  2.63384  3.01399  2.36023  2.59167  2.85751  
