@ feature_folders/AWEZOS01_clean/zeo++/AWEZOS01_clean_sa.txt Unitcell_volume: 8987.84   Density: 1.53516   ASA_A^2: 0 ASA_m^2/cm^3: 0 ASA_m^2/g: 0 NASA_A^2: 158.333 NASA_m^2/cm^3: 176.163 NASA_m^2/g: 114.752
Number_of_channels: 0 Channel_surface_area_A^2: 
Number_of_pockets: 8 Pocket_surface_area_A^2: 76.2463  0.0656153  4.34028  0.0546794  73.5255  0.0948399  0.0218718  3.98343  
