@ feature_folders/IZIKEJ/zeo++/IZIKEJ_sa.txt Unitcell_volume: 2440.37   Density: 1.02496   ASA_A^2: 0 ASA_m^2/cm^3: 0 ASA_m^2/g: 0 NASA_A^2: 63.7512 NASA_m^2/cm^3: 261.236 NASA_m^2/g: 254.874
Number_of_channels: 0 Channel_surface_area_A^2: 
Number_of_pockets: 12 Pocket_surface_area_A^2: 5.55546  5.52275  5.316  4.85684  5.23718  5.26274  5.06178  5.65015  5.25911  5.06271  5.54246  5.42407  
