@ feature_folders/PUMGIP01_clean/zeo++/PUMGIP01_clean_sa.txt Unitcell_volume: 11823   Density: 1.17898   ASA_A^2: 0 ASA_m^2/cm^3: 0 ASA_m^2/g: 0 NASA_A^2: 747.094 NASA_m^2/cm^3: 631.899 NASA_m^2/g: 535.971
Number_of_channels: 0 Channel_surface_area_A^2: 
Number_of_pockets: 10 Pocket_surface_area_A^2: 148.55  81.0811  84.8263  60.7133  0.191113  80.0688  59.6487  82.913  148.991  0.111483  
