@ feature_folders/VUKJOC_clean/zeo++/VUKJOC_clean_sa.txt Unitcell_volume: 10004.5   Density: 1.45464   ASA_A^2: 0 ASA_m^2/cm^3: 0 ASA_m^2/g: 0 NASA_A^2: 481.101 NASA_m^2/cm^3: 480.887 NASA_m^2/g: 330.588
Number_of_channels: 0 Channel_surface_area_A^2: 
Number_of_pockets: 12 Pocket_surface_area_A^2: 110.597  8.57296  8.58463  0.406752  114.406  109.96  0.416732  8.32829  8.37342  110.801  0.276476  0.378934  
