@ feature_folders/DAPXID_ion_b/zeo++/DAPXID_ion_b_sa.txt Unitcell_volume: 19745.6   Density: 0.764894   ASA_A^2: 3277.94 ASA_m^2/cm^3: 1660.08 ASA_m^2/g: 2170.35 NASA_A^2: 0.107448 NASA_m^2/cm^3: 0.0544161 NASA_m^2/g: 0.071142
Number_of_channels: 4 Channel_surface_area_A^2: 1312.6  1317.53  321.799  326.009  
Number_of_pockets: 8 Pocket_surface_area_A^2: 0  0  0.0159261  0.0318522  0  0.0218718  0.0109359  0.026862  
