@ feature_folders/OTODEI_clean/zeo++/OTODEI_clean_sa.txt Unitcell_volume: 1899.55   Density: 1.17554   ASA_A^2: 104.34 ASA_m^2/cm^3: 549.285 ASA_m^2/g: 467.261 NASA_A^2: 8.10502 NASA_m^2/cm^3: 42.668 NASA_m^2/g: 36.2965
Number_of_channels: 1 Channel_surface_area_A^2: 104.34  
Number_of_pockets: 6 Pocket_surface_area_A^2: 2.55196  0.754576  0.61241  0.645217  0.74364  2.79722  
