@ feature_folders/CABQEB_clean/zeo++/CABQEB_clean_sa.txt Unitcell_volume: 3246.04   Density: 1.6391   ASA_A^2: 0 ASA_m^2/cm^3: 0 ASA_m^2/g: 0 NASA_A^2: 0.149622 NASA_m^2/cm^3: 0.460936 NASA_m^2/g: 0.281214
Number_of_channels: 0 Channel_surface_area_A^2: 
Number_of_pockets: 8 Pocket_surface_area_A^2: 0.026862  0  0  0.0252922  0.0427881  0.0437435  0.0109359  0  
