@ feature_folders/DUYRAR_clean/zeo++/DUYRAR_clean_sa.txt Unitcell_volume: 14101.8   Density: 3.43473   ASA_A^2: 0 ASA_m^2/cm^3: 0 ASA_m^2/g: 0 NASA_A^2: 563.989 NASA_m^2/cm^3: 399.942 NASA_m^2/g: 116.441
Number_of_channels: 0 Channel_surface_area_A^2: 
Number_of_pockets: 40 Pocket_surface_area_A^2: 0.599598  68.6735  1.01105  68.663  0.545312  0.0861379  1.23518  0.618664  0.104861  1.04044  0.0287126  0.656795  66.1588  69.7368  0.043069  1.27171  0  0  1.03667  1.15624  0  0  0.0717816  0.604307  0.613954  0.537235  0.0761487  0.626512  0.114851  0.0574253  0.930177  0.934989  69.7237  68.391  69.9772  68.6631  0  0  0  0  
