@ feature_folders/UiO-1,4-NDC/zeo++/UiO-1,4-NDC_sa.txt Unitcell_volume: 9002.81   Density: 1.44933   ASA_A^2: 0 ASA_m^2/cm^3: 0 ASA_m^2/g: 0 NASA_A^2: 549.439 NASA_m^2/cm^3: 610.297 NASA_m^2/g: 421.09
Number_of_channels: 0 Channel_surface_area_A^2: 
Number_of_pockets: 10 Pocket_surface_area_A^2: 82.7244  15.72  0  187.113  10.0173  0.153102  0.203005  200.231  45.8374  7.43916  
