@ feature_folders/MIFSAX_clean/zeo++/MIFSAX_clean_sa.txt Unitcell_volume: 11858.5   Density: 1.46696   ASA_A^2: 529.575 ASA_m^2/cm^3: 446.579 ASA_m^2/g: 304.425 NASA_A^2: 22.5405 NASA_m^2/cm^3: 19.0079 NASA_m^2/g: 12.9573
Number_of_channels: 2 Channel_surface_area_A^2: 266.378  263.197  
Number_of_pockets: 8 Pocket_surface_area_A^2: 2.85856  2.94434  2.75364  2.80001  2.9787  2.62817  2.53126  3.04583  
