@ feature_folders/WEMNEJ_clean/zeo++/WEMNEJ_clean_sa.txt Unitcell_volume: 3817.75   Density: 1.53771   ASA_A^2: 0 ASA_m^2/cm^3: 0 ASA_m^2/g: 0 NASA_A^2: 4.9351 NASA_m^2/cm^3: 12.9267 NASA_m^2/g: 8.40647
Number_of_channels: 0 Channel_surface_area_A^2: 
Number_of_pockets: 12 Pocket_surface_area_A^2: 0.047164  0.511675  0.529504  0.0790162  0.640372  0.532583  0.614764  0.667857  0.0999326  0.152701  0.515377  0.544159  
