@ feature_folders/WIRMOB_clean/zeo++/WIRMOB_clean_sa.txt Unitcell_volume: 8860.75   Density: 0.92351   ASA_A^2: 916.167 ASA_m^2/cm^3: 1033.96 ASA_m^2/g: 1119.6 NASA_A^2: 136.607 NASA_m^2/cm^3: 154.171 NASA_m^2/g: 166.94
Number_of_channels: 1 Channel_surface_area_A^2: 916.167  
Number_of_pockets: 4 Pocket_surface_area_A^2: 8.89037  66.3659  8.82975  52.5213  
