@ feature_folders/dut-68-zr/zeo++/dut-68-zr_sa.txt Unitcell_volume: 154686   Density: 1.08782   ASA_A^2: 20898.5 ASA_m^2/cm^3: 1351.02 ASA_m^2/g: 1241.96 NASA_A^2: 621.694 NASA_m^2/cm^3: 40.1906 NASA_m^2/g: 36.9462
Number_of_channels: 1 Channel_surface_area_A^2: 20898.5  
Number_of_pockets: 104 Pocket_surface_area_A^2: 0  0  1.91911  1.88272  0  1.6534  1.81034  0  0  0  66.6863  1.80218  0  1.83494  68.2944  1.75168  1.66842  0  1.71257  1.70118  0  0  1.68707  1.80309  0.0168334  0.0143563  0  1.87999  67.831  67.7895  0  1.44868  0.0143563  1.60109  0  0.0143563  1.83585  0.0168334  1.97737  1.78716  0.0336668  1.7412  0  1.54101  1.52236  1.58697  1.75894  1.75349  0.0168334  0.0143563  0.0480231  0.0311897  1.61429  0.0143563  67.1002  66.1414  0  1.80853  1.64977  0  68.0591  67.3222  0  1.71438  0.0168334  2.08381  1.52649  0.0168334  0.0168334  1.50553  0.0168334  0  1.5524  0.0143563  1.73394  1.74664  1.87364  1.59473  0.0168334  0  0  1.83766  0  1.65521  0  1.8427  0  1.58425  1.68797  0.0143563  1.45049  0.0143563  1.43819  1.6029  0  0.0168334  1.59836  0  1.63929  0  1.78262  1.89179  0.0143563  0  
