@ feature_folders/XALDIY_clean/zeo++/XALDIY_clean_sa.txt Unitcell_volume: 14349   Density: 1.00994   ASA_A^2: 0 ASA_m^2/cm^3: 0 ASA_m^2/g: 0 NASA_A^2: 1352.64 NASA_m^2/cm^3: 942.679 NASA_m^2/g: 933.402
Number_of_channels: 0 Channel_surface_area_A^2: 
Number_of_pockets: 18 Pocket_surface_area_A^2: 636.451  638.017  9.9589  0.0477783  10.1897  0.0159261  0.026862  10.3022  0.0328077  8.49434  9.86929  0.0706055  9.27164  0.0755958  0.0109359  9.99479  0.0377979  9.77777  
