@ feature_folders/BUSQEM_clean/zeo++/BUSQEM_clean_sa.txt Unitcell_volume: 2162.69   Density: 0.951333   ASA_A^2: 0 ASA_m^2/cm^3: 0 ASA_m^2/g: 0 NASA_A^2: 138.953 NASA_m^2/cm^3: 642.499 NASA_m^2/g: 675.367
Number_of_channels: 0 Channel_surface_area_A^2: 
Number_of_pockets: 12 Pocket_surface_area_A^2: 44.1821  0.398153  23.5388  0.541488  44.0141  0.764454  22.6629  0.605192  0.748527  0.509636  0.477783  0.509636  
