@ feature_folders/OJIWAG_clean/zeo++/OJIWAG_clean_sa.txt Unitcell_volume: 5263.87   Density: 1.10966   ASA_A^2: 444.104 ASA_m^2/cm^3: 843.683 ASA_m^2/g: 760.311 NASA_A^2: 7.07784 NASA_m^2/cm^3: 13.4461 NASA_m^2/g: 12.1173
Number_of_channels: 3 Channel_surface_area_A^2: 261.802  90.1122  92.1896  
Number_of_pockets: 4 Pocket_surface_area_A^2: 1.72813  1.67514  1.80024  1.87433  
