@ feature_folders/HUXHUF/zeo++/HUXHUF_sa.txt Unitcell_volume: 4634.26   Density: 1.05944   ASA_A^2: 618.92 ASA_m^2/cm^3: 1335.53 ASA_m^2/g: 1260.6 NASA_A^2: 0.286678 NASA_m^2/cm^3: 0.618605 NASA_m^2/g: 0.583898
Number_of_channels: 1 Channel_surface_area_A^2: 618.92  
Number_of_pockets: 2 Pocket_surface_area_A^2: 0.0993182  0.187359  
