@ feature_folders/BIRKUK/zeo++/BIRKUK_sa.txt Unitcell_volume: 1709.11   Density: 1.72006   ASA_A^2: 0 ASA_m^2/cm^3: 0 ASA_m^2/g: 0 NASA_A^2: 2.88707 NASA_m^2/cm^3: 16.8923 NASA_m^2/g: 9.82075
Number_of_channels: 0 Channel_surface_area_A^2: 
Number_of_pockets: 4 Pocket_surface_area_A^2: 0.918614  0.732704  0.634281  0.601474  
