@ feature_folders/ALAHUS_clean/zeo++/ALAHUS_clean_sa.txt Unitcell_volume: 6459.1   Density: 1.36604   ASA_A^2: 821.735 ASA_m^2/cm^3: 1272.21 ASA_m^2/g: 931.312 NASA_A^2: 0.891441 NASA_m^2/cm^3: 1.38013 NASA_m^2/g: 1.01031
Number_of_channels: 2 Channel_surface_area_A^2: 409.837  411.898  
Number_of_pockets: 10 Pocket_surface_area_A^2: 0.129207  0.0717816  0.0902329  0.0649407  0.0396485  0.11143  0.0970738  0.100494  0.15792  0.0287126  
