@ feature_folders/MAKGOX_clean/zeo++/MAKGOX_clean_sa.txt Unitcell_volume: 1979.42   Density: 1.8507   ASA_A^2: 0 ASA_m^2/cm^3: 0 ASA_m^2/g: 0 NASA_A^2: 6.24705 NASA_m^2/cm^3: 31.5601 NASA_m^2/g: 17.053
Number_of_channels: 0 Channel_surface_area_A^2: 
Number_of_pockets: 6 Pocket_surface_area_A^2: 0.0289686  3.30355  0  2.87463  0.0146123  0.0252922  
