@ feature_folders/LACNUB_clean/zeo++/LACNUB_clean_sa.txt Unitcell_volume: 10721.8   Density: 0.864094   ASA_A^2: 1593.77 ASA_m^2/cm^3: 1486.47 ASA_m^2/g: 1720.26 NASA_A^2: 1.4253 NASA_m^2/cm^3: 1.32934 NASA_m^2/g: 1.53842
Number_of_channels: 1 Channel_surface_area_A^2: 1593.77  
Number_of_pockets: 4 Pocket_surface_area_A^2: 0.385988  0.239514  0.315724  0.48407  
