@ feature_folders/POLYEW_clean/zeo++/POLYEW_clean_sa.txt Unitcell_volume: 2593.14   Density: 1.21883   ASA_A^2: 0 ASA_m^2/cm^3: 0 ASA_m^2/g: 0 NASA_A^2: 90.3912 NASA_m^2/cm^3: 348.579 NASA_m^2/g: 285.994
Number_of_channels: 0 Channel_surface_area_A^2: 
Number_of_pockets: 10 Pocket_surface_area_A^2: 44.9939  0.0961537  0  45.1195  0.0580999  0  0  0.0617763  0.0617763  0  
