@ feature_folders/EQAMUG_clean/zeo++/EQAMUG_clean_sa.txt Unitcell_volume: 3501.42   Density: 1.81883   ASA_A^2: 0 ASA_m^2/cm^3: 0 ASA_m^2/g: 0 NASA_A^2: 47.0544 NASA_m^2/cm^3: 134.387 NASA_m^2/g: 73.8861
Number_of_channels: 0 Channel_surface_area_A^2: 
Number_of_pockets: 32 Pocket_surface_area_A^2: 3.68106  2.08944  0  3.77744  0  0.0218718  2.03488  3.82237  0.0143563  0.0252922  0.0143563  3.28156  2.15191  0  0  2.39052  2.28964  3.54396  2.03735  3.97067  3.70157  0.0218718  0  0  0.0252922  3.80225  0  0.0505844  0.0252922  0  2.15824  2.12258  
