@ feature_folders/XAFBEN_clean/zeo++/XAFBEN_clean_sa.txt Unitcell_volume: 1217.23   Density: 1.46572   ASA_A^2: 0 ASA_m^2/cm^3: 0 ASA_m^2/g: 0 NASA_A^2: 67.0263 NASA_m^2/cm^3: 550.645 NASA_m^2/g: 375.682
Number_of_channels: 0 Channel_surface_area_A^2: 
Number_of_pockets: 6 Pocket_surface_area_A^2: 33.0012  33.3617  0.0109359  0.307373  0.313319  0.0318522  
