@ feature_folders/EJOQOL_clean/zeo++/EJOQOL_clean_sa.txt Unitcell_volume: 4949.72   Density: 1.29085   ASA_A^2: 591.175 ASA_m^2/cm^3: 1194.36 ASA_m^2/g: 925.251 NASA_A^2: 0.602855 NASA_m^2/cm^3: 1.21796 NASA_m^2/g: 0.943533
Number_of_channels: 1 Channel_surface_area_A^2: 591.175  
Number_of_pockets: 2 Pocket_surface_area_A^2: 0.295482  0.307373  
