@ feature_folders/AFENEE_clean/zeo++/AFENEE_clean_sa.txt Unitcell_volume: 1989.98   Density: 1.24906   ASA_A^2: 0 ASA_m^2/cm^3: 0 ASA_m^2/g: 0 NASA_A^2: 59.7105 NASA_m^2/cm^3: 300.055 NASA_m^2/g: 240.226
Number_of_channels: 0 Channel_surface_area_A^2: 
Number_of_pockets: 6 Pocket_surface_area_A^2: 15.8459  7.38438  6.94864  16.0587  7.46497  6.00795  
