@ feature_folders/MAKHAK/zeo++/MAKHAK_sa.txt Unitcell_volume: 7993.08   Density: 1.85069   ASA_A^2: 0 ASA_m^2/cm^3: 0 ASA_m^2/g: 0 NASA_A^2: 1.10057 NASA_m^2/cm^3: 1.37691 NASA_m^2/g: 0.743995
Number_of_channels: 0 Channel_surface_area_A^2: 
Number_of_pockets: 24 Pocket_surface_area_A^2: 0.0109359  0  0.125786  0.183886  0  0  0  0  0.0902329  0  0.0505844  0  0.129881  0  0.148333  0  0  0  0.11143  0.0109359  0  0.224209  0.0143563  0  
