@ feature_folders/VEMHIF/zeo++/VEMHIF_sa.txt Unitcell_volume: 7956.98   Density: 2.00086   ASA_A^2: 0 ASA_m^2/cm^3: 0 ASA_m^2/g: 0 NASA_A^2: 304.963 NASA_m^2/cm^3: 383.265 NASA_m^2/g: 191.55
Number_of_channels: 0 Channel_surface_area_A^2: 
Number_of_pockets: 22 Pocket_surface_area_A^2: 82.8509  66.228  0.0724562  2.60447  0.0774464  2.57201  0.12775  0.0849619  70.3883  0.0546794  2.67315  0.0680803  2.77474  68.1296  0.0218718  0.0328077  0.0649407  2.88892  3.09488  0.0218718  0.0328077  0.098423  
