@ feature_folders/JALLOA/zeo++/JALLOA_sa.txt Unitcell_volume: 48433.1   Density: 0.755302   ASA_A^2: 5425.07 ASA_m^2/cm^3: 1120.11 ASA_m^2/g: 1483 NASA_A^2: 10.2246 NASA_m^2/cm^3: 2.11107 NASA_m^2/g: 2.795
Number_of_channels: 1 Channel_surface_area_A^2: 5425.07  
Number_of_pockets: 8 Pocket_surface_area_A^2: 1.08298  1.59261  1.29002  1.0989  1.41742  1.19446  1.25816  1.29002  
