@ feature_folders/QOKWEU/zeo++/QOKWEU_sa.txt Unitcell_volume: 8117.01   Density: 1.09004   ASA_A^2: 1000.17 ASA_m^2/cm^3: 1232.19 ASA_m^2/g: 1130.4 NASA_A^2: 1.97019 NASA_m^2/cm^3: 2.42724 NASA_m^2/g: 2.22674
Number_of_channels: 1 Channel_surface_area_A^2: 1000.17  
Number_of_pockets: 2 Pocket_surface_area_A^2: 0.916733  1.05346  
