@ feature_folders/ODONIF_clean/zeo++/ODONIF_clean_sa.txt Unitcell_volume: 8621.38   Density: 1.28373   ASA_A^2: 0 ASA_m^2/cm^3: 0 ASA_m^2/g: 0 NASA_A^2: 4.44826 NASA_m^2/cm^3: 5.15957 NASA_m^2/g: 4.01921
Number_of_channels: 0 Channel_surface_area_A^2: 
Number_of_pockets: 18 Pocket_surface_area_A^2: 0.0159261  0.0477783  0.842063  0.0362281  0.0109359  0.699897  0.0328077  0.0143563  0.550215  0.0109359  0  0.55773  0.0302824  0.026862  0.721768  0  0.0412183  0.809255  
