@ feature_folders/UJEFOE01_clean/zeo++/UJEFOE01_clean_sa.txt Unitcell_volume: 1679.24   Density: 1.9552   ASA_A^2: 0 ASA_m^2/cm^3: 0 ASA_m^2/g: 0 NASA_A^2: 0.0927494 NASA_m^2/cm^3: 0.552329 NASA_m^2/g: 0.282493
Number_of_channels: 0 Channel_surface_area_A^2: 
Number_of_pockets: 4 Pocket_surface_area_A^2: 0.0109359  0.0296593  0.0377979  0.0143563  
