@ feature_folders/TEYLIU_clean/zeo++/TEYLIU_clean_sa.txt Unitcell_volume: 1698.17   Density: 1.96259   ASA_A^2: 0 ASA_m^2/cm^3: 0 ASA_m^2/g: 0 NASA_A^2: 5.35847 NASA_m^2/cm^3: 31.5544 NASA_m^2/g: 16.0779
Number_of_channels: 0 Channel_surface_area_A^2: 
Number_of_pockets: 8 Pocket_surface_area_A^2: 1.27892  1.37253  0.043069  0.229701  1.32946  0.889439  0.100494  0.114851  
