@ feature_folders/SALXEL_clean/zeo++/SALXEL_clean_sa.txt Unitcell_volume: 13397.8   Density: 0.954529   ASA_A^2: 1992.69 ASA_m^2/cm^3: 1487.33 ASA_m^2/g: 1558.18 NASA_A^2: 24.1451 NASA_m^2/cm^3: 18.0217 NASA_m^2/g: 18.8802
Number_of_channels: 1 Channel_surface_area_A^2: 1992.69  
Number_of_pockets: 8 Pocket_surface_area_A^2: 3.82152  0.923715  3.58149  3.51656  3.92079  3.6045  3.80503  0.971493  
