@ feature_folders/DUXKEN_clean/zeo++/DUXKEN_clean_sa.txt Unitcell_volume: 5394.88   Density: 1.45864   ASA_A^2: 0 ASA_m^2/cm^3: 0 ASA_m^2/g: 0 NASA_A^2: 82.3078 NASA_m^2/cm^3: 152.567 NASA_m^2/g: 104.595
Number_of_channels: 0 Channel_surface_area_A^2: 
Number_of_pockets: 6 Pocket_surface_area_A^2: 8.68771  70.8516  0.404841  2.0173  0.330414  0.0159261  
