@ feature_folders/ELERIX01_clean/zeo++/ELERIX01_clean_sa.txt Unitcell_volume: 3210.39   Density: 2.45669   ASA_A^2: 0 ASA_m^2/cm^3: 0 ASA_m^2/g: 0 NASA_A^2: 1.97455 NASA_m^2/cm^3: 6.15051 NASA_m^2/g: 2.50358
Number_of_channels: 0 Channel_surface_area_A^2: 
Number_of_pockets: 4 Pocket_surface_area_A^2: 0.792789  0.123041  0.846125  0.212599  
