@ feature_folders/XUCSAR01_clean/zeo++/XUCSAR01_clean_sa.txt Unitcell_volume: 3587.05   Density: 1.66102   ASA_A^2: 0 ASA_m^2/cm^3: 0 ASA_m^2/g: 0 NASA_A^2: 18.4666 NASA_m^2/cm^3: 51.4813 NASA_m^2/g: 30.9939
Number_of_channels: 0 Channel_surface_area_A^2: 
Number_of_pockets: 12 Pocket_surface_area_A^2: 1.59235  1.85308  1.58216  1.12427  1.8226  1.13575  1.72233  1.8722  1.1851  1.572  1.71919  1.28559  
