@ feature_folders/DAWWIJ_clean/zeo++/DAWWIJ_clean_sa.txt Unitcell_volume: 2880.12   Density: 1.4601   ASA_A^2: 0 ASA_m^2/cm^3: 0 ASA_m^2/g: 0 NASA_A^2: 40.8027 NASA_m^2/cm^3: 141.67 NASA_m^2/g: 97.0279
Number_of_channels: 0 Channel_surface_area_A^2: 
Number_of_pockets: 8 Pocket_surface_area_A^2: 5.34129  4.92756  4.60535  5.33005  5.02392  5.70805  4.91664  4.94983  
