@ feature_folders/KEHDOS_clean/zeo++/KEHDOS_clean_sa.txt Unitcell_volume: 1702.2   Density: 1.47581   ASA_A^2: 0 ASA_m^2/cm^3: 0 ASA_m^2/g: 0 NASA_A^2: 4.13249 NASA_m^2/cm^3: 24.2774 NASA_m^2/g: 16.4502
Number_of_channels: 0 Channel_surface_area_A^2: 
Number_of_pockets: 8 Pocket_surface_area_A^2: 0.806389  1.16441  0.026862  0.0109359  0.0109359  0  1.02606  1.0869  
