@ feature_folders/EPUXET_clean/zeo++/EPUXET_clean_sa.txt Unitcell_volume: 5934.07   Density: 1.25583   ASA_A^2: 0 ASA_m^2/cm^3: 0 ASA_m^2/g: 0 NASA_A^2: 180.119 NASA_m^2/cm^3: 303.533 NASA_m^2/g: 241.7
Number_of_channels: 0 Channel_surface_area_A^2: 
Number_of_pockets: 12 Pocket_surface_area_A^2: 44.1136  0.546794  44.2529  0.166503  45.0466  0.200206  0.481179  44.1179  0.503051  0.122085  0.492115  0.0755958  
