@ feature_folders/MIFNUM_clean/zeo++/MIFNUM_clean_sa.txt Unitcell_volume: 11570.2   Density: 1.55309   ASA_A^2: 438.142 ASA_m^2/cm^3: 378.682 ASA_m^2/g: 243.824 NASA_A^2: 15.418 NASA_m^2/cm^3: 13.3256 NASA_m^2/g: 8.58005
Number_of_channels: 2 Channel_surface_area_A^2: 218.996  219.146  
Number_of_pockets: 16 Pocket_surface_area_A^2: 0.638917  1.21314  1.289  0.643327  1.33905  1.39936  0.671656  0.585714  1.23721  0.574794  0.633517  1.19718  1.59341  0.421821  0.655449  1.32446  
