@ feature_folders/OJIDAN_clean/zeo++/OJIDAN_clean_sa.txt Unitcell_volume: 14445.9   Density: 0.704653   ASA_A^2: 1539.12 ASA_m^2/cm^3: 1065.44 ASA_m^2/g: 1512 NASA_A^2: 12.4287 NASA_m^2/cm^3: 8.60365 NASA_m^2/g: 12.2098
Number_of_channels: 1 Channel_surface_area_A^2: 1539.12  
Number_of_pockets: 2 Pocket_surface_area_A^2: 6.22285  6.20586  
