@ feature_folders/ROMQER_clean/zeo++/ROMQER_clean_sa.txt Unitcell_volume: 5652.14   Density: 1.44738   ASA_A^2: 0 ASA_m^2/cm^3: 0 ASA_m^2/g: 0 NASA_A^2: 102.205 NASA_m^2/cm^3: 180.825 NASA_m^2/g: 124.933
Number_of_channels: 0 Channel_surface_area_A^2: 
Number_of_pockets: 16 Pocket_surface_area_A^2: 13.8458  8.68166  8.96663  2.56576  2.32946  0.149842  14.4481  0.293125  9.02046  2.07747  14.1704  2.16343  13.304  9.80553  0.219159  0.164071  
