@ feature_folders/MUPYOM_clean/zeo++/MUPYOM_clean_sa.txt Unitcell_volume: 3189.5   Density: 1.78678   ASA_A^2: 0 ASA_m^2/cm^3: 0 ASA_m^2/g: 0 NASA_A^2: 113.202 NASA_m^2/cm^3: 354.919 NASA_m^2/g: 198.636
Number_of_channels: 0 Channel_surface_area_A^2: 
Number_of_pockets: 16 Pocket_surface_area_A^2: 0.847266  13.7167  13.2129  0.958749  0.768804  0.810637  13.3615  12.9602  0.897911  0.973507  0.8444  0.543928  12.9442  13.8366  13.2802  13.2441  
