@ feature_folders/VIDWAI/zeo++/VIDWAI_sa.txt Unitcell_volume: 1173.24   Density: 1.57071   ASA_A^2: 0 ASA_m^2/cm^3: 0 ASA_m^2/g: 0 NASA_A^2: 49.0648 NASA_m^2/cm^3: 418.2 NASA_m^2/g: 266.249
Number_of_channels: 0 Channel_surface_area_A^2: 
Number_of_pockets: 8 Pocket_surface_area_A^2: 24.2198  0  0.221396  0.250108  0  0.267604  0.221396  23.8846  
