@ feature_folders/PAPPAZ_clean/zeo++/PAPPAZ_clean_sa.txt Unitcell_volume: 2947.12   Density: 1.21711   ASA_A^2: 0 ASA_m^2/cm^3: 0 ASA_m^2/g: 0 NASA_A^2: 2.37072 NASA_m^2/cm^3: 8.04419 NASA_m^2/g: 6.60928
Number_of_channels: 0 Channel_surface_area_A^2: 
Number_of_pockets: 6 Pocket_surface_area_A^2: 0.330507  0.298655  0.533093  0.453207  0.391584  0.363673  
