@ feature_folders/OTENEH/zeo++/OTENEH_sa.txt Unitcell_volume: 6067.34   Density: 1.69261   ASA_A^2: 0 ASA_m^2/cm^3: 0 ASA_m^2/g: 0 NASA_A^2: 305.88 NASA_m^2/cm^3: 504.143 NASA_m^2/g: 297.849
Number_of_channels: 0 Channel_surface_area_A^2: 
Number_of_pockets: 14 Pocket_surface_area_A^2: 43.5563  42.9672  42.7775  13.5899  0.773867  0.609479  25.3848  26.4672  43.5415  13.4235  0.645638  25.1955  26.1662  0.781638  
