@ feature_folders/QUJFUX_clean/zeo++/QUJFUX_clean_sa.txt Unitcell_volume: 1205.23   Density: 2.04875   ASA_A^2: 0 ASA_m^2/cm^3: 0 ASA_m^2/g: 0 NASA_A^2: 4.93106 NASA_m^2/cm^3: 40.9137 NASA_m^2/g: 19.9701
Number_of_channels: 0 Channel_surface_area_A^2: 
Number_of_pockets: 8 Pocket_surface_area_A^2: 1.28263  0.0148705  1.36778  0  1.24474  1.02103  0  0  
