@ feature_folders/Cu-EBTC/zeo++/Cu-EBTC_sa.txt Unitcell_volume: 8330.53   Density: 1.12093   ASA_A^2: 892.989 ASA_m^2/cm^3: 1071.95 ASA_m^2/g: 956.303 NASA_A^2: 10.5258 NASA_m^2/cm^3: 12.6352 NASA_m^2/g: 11.2721
Number_of_channels: 2 Channel_surface_area_A^2: 445.611  447.378  
Number_of_pockets: 8 Pocket_surface_area_A^2: 1.52759  1.21826  1.44773  1.06999  1.39211  1.29318  1.27569  1.30126  
