@ feature_folders/RARYIT/zeo++/RARYIT_sa.txt Unitcell_volume: 5073.51   Density: 1.77185   ASA_A^2: 0 ASA_m^2/cm^3: 0 ASA_m^2/g: 0 NASA_A^2: 89.1784 NASA_m^2/cm^3: 175.772 NASA_m^2/g: 99.2029
Number_of_channels: 0 Channel_surface_area_A^2: 
Number_of_pockets: 8 Pocket_surface_area_A^2: 15.1308  6.78286  7.0955  15.0336  6.44229  6.9959  15.6339  16.0636  
