@ feature_folders/ECAHAT_clean/zeo++/ECAHAT_clean_sa.txt Unitcell_volume: 3160.17   Density: 0.854274   ASA_A^2: 310.708 ASA_m^2/cm^3: 983.202 ASA_m^2/g: 1150.92 NASA_A^2: 14.859 NASA_m^2/cm^3: 47.0196 NASA_m^2/g: 55.0404
Number_of_channels: 1 Channel_surface_area_A^2: 310.708  
Number_of_pockets: 2 Pocket_surface_area_A^2: 7.54929  7.30966  
