@ feature_folders/OKIQEG_clean/zeo++/OKIQEG_clean_sa.txt Unitcell_volume: 2536.57   Density: 1.53026   ASA_A^2: 119.007 ASA_m^2/cm^3: 469.164 ASA_m^2/g: 306.59 NASA_A^2: 27.9609 NASA_m^2/cm^3: 110.231 NASA_m^2/g: 72.0339
Number_of_channels: 1 Channel_surface_area_A^2: 119.007  
Number_of_pockets: 4 Pocket_surface_area_A^2: 7.00903  6.73668  7.21089  7.00425  
