@ feature_folders/AWIBEO_clean/zeo++/AWIBEO_clean_sa.txt Unitcell_volume: 8987.84   Density: 1.56801   ASA_A^2: 0 ASA_m^2/cm^3: 0 ASA_m^2/g: 0 NASA_A^2: 149.785 NASA_m^2/cm^3: 166.653 NASA_m^2/g: 106.283
Number_of_channels: 0 Channel_surface_area_A^2: 
Number_of_pockets: 12 Pocket_surface_area_A^2: 74.9995  0.339106  0.982354  0  0.174974  71.7305  0.0109359  0.251619  0.237006  0.0328077  0.982073  0.0437435  
