@ feature_folders/OTENEH_charged/zeo++/OTENEH_charged_sa.txt Unitcell_volume: 6067.34   Density: 1.69261   ASA_A^2: 0 ASA_m^2/cm^3: 0 ASA_m^2/g: 0 NASA_A^2: 310.772 NASA_m^2/cm^3: 512.205 NASA_m^2/g: 302.612
Number_of_channels: 0 Channel_surface_area_A^2: 
Number_of_pockets: 14 Pocket_surface_area_A^2: 43.9416  43.7691  43.452  13.1719  0.608898  27.187  0.686636  26.4335  42.6384  13.7938  0.759092  26.4083  27.3311  0.590679  
