@ feature_folders/HOGQEB_clean/zeo++/HOGQEB_clean_sa.txt Unitcell_volume: 2724.23   Density: 1.95779   ASA_A^2: 0 ASA_m^2/cm^3: 0 ASA_m^2/g: 0 NASA_A^2: 35.5032 NASA_m^2/cm^3: 130.324 NASA_m^2/g: 66.5669
Number_of_channels: 0 Channel_surface_area_A^2: 
Number_of_pockets: 8 Pocket_surface_area_A^2: 8.51405  0.0302824  9.67612  0.0446388  8.35451  0.0143563  0  8.86926  
