@ feature_folders/NIZZAY_clean/zeo++/NIZZAY_clean_sa.txt Unitcell_volume: 17354.1   Density: 1.2112   ASA_A^2: 2835.08 ASA_m^2/cm^3: 1633.67 ASA_m^2/g: 1348.8 NASA_A^2: 0.682195 NASA_m^2/cm^3: 0.393104 NASA_m^2/g: 0.324556
Number_of_channels: 2 Channel_surface_area_A^2: 1411.69  1423.39  
Number_of_pockets: 8 Pocket_surface_area_A^2: 0.0318522  0.111483  0.140707  0.111483  0.0955567  0.0637045  0.0796306  0.0477783  
