@ feature_folders/UFASEA_ion_b/zeo++/UFASEA_ion_b_sa.txt Unitcell_volume: 4118.02   Density: 1.84634   ASA_A^2: 0 ASA_m^2/cm^3: 0 ASA_m^2/g: 0 NASA_A^2: 9.86317 NASA_m^2/cm^3: 23.9512 NASA_m^2/g: 12.9722
Number_of_channels: 0 Channel_surface_area_A^2: 
Number_of_pockets: 20 Pocket_surface_area_A^2: 1.0228  0.664293  0.579725  0.607984  1.03822  0.200989  0  0.873281  0.593852  0.564657  0.698229  0  0.766478  0.57545  0  0.0861379  0.760905  0  0.453361  0.37681  
