@ feature_folders/SALXIP_clean/zeo++/SALXIP_clean_sa.txt Unitcell_volume: 14747.6   Density: 1.06535   ASA_A^2: 2152.96 ASA_m^2/cm^3: 1459.87 ASA_m^2/g: 1370.32 NASA_A^2: 40.5736 NASA_m^2/cm^3: 27.512 NASA_m^2/g: 25.8244
Number_of_channels: 1 Channel_surface_area_A^2: 2152.96  
Number_of_pockets: 6 Pocket_surface_area_A^2: 6.74918  6.69355  7.43454  6.25801  6.41655  7.02172  
