@ feature_folders/MATTOR_clean/zeo++/MATTOR_clean_sa.txt Unitcell_volume: 1647.59   Density: 1.24007   ASA_A^2: 89.4693 ASA_m^2/cm^3: 543.031 ASA_m^2/g: 437.904 NASA_A^2: 4.81483 NASA_m^2/cm^3: 29.2235 NASA_m^2/g: 23.566
Number_of_channels: 1 Channel_surface_area_A^2: 89.4693  
Number_of_pockets: 3 Pocket_surface_area_A^2: 0.154271  4.47348  0.187079  
