@ feature_folders/BUCVAY/zeo++/BUCVAY_sa.txt Unitcell_volume: 11285.1   Density: 1.22099   ASA_A^2: 0 ASA_m^2/cm^3: 0 ASA_m^2/g: 0 NASA_A^2: 377.076 NASA_m^2/cm^3: 334.136 NASA_m^2/g: 273.659
Number_of_channels: 0 Channel_surface_area_A^2: 
Number_of_pockets: 12 Pocket_surface_area_A^2: 0  93.3949  94.3547  93.735  0  0.0109359  95.5475  0.0109359  0  0  0  0.0218718  
