@ feature_folders/UMCM-150/zeo++/UMCM-150_sa.txt Unitcell_volume: 11863.2   Density: 0.662695   ASA_A^2: 2267.92 ASA_m^2/cm^3: 1911.73 ASA_m^2/g: 2884.78 NASA_A^2: 10.9956 NASA_m^2/cm^3: 9.26873 NASA_m^2/g: 13.9864
Number_of_channels: 1 Channel_surface_area_A^2: 2267.92  
Number_of_pockets: 4 Pocket_surface_area_A^2: 2.83883  2.76436  2.47694  2.91549  
