@ feature_folders/ZOXNEH_clean/zeo++/ZOXNEH_clean_sa.txt Unitcell_volume: 1515.73   Density: 1.30831   ASA_A^2: 0 ASA_m^2/cm^3: 0 ASA_m^2/g: 0 NASA_A^2: 159.503 NASA_m^2/cm^3: 1052.32 NASA_m^2/g: 804.335
Number_of_channels: 0 Channel_surface_area_A^2: 
Number_of_pockets: 10 Pocket_surface_area_A^2: 66.2148  2.61936  4.23187  4.73646  2.50999  63.6163  5.2652  2.89222  2.59173  4.82503  
