@ feature_folders/LUKREO_clean/zeo++/LUKREO_clean_sa.txt Unitcell_volume: 2756.07   Density: 1.33832   ASA_A^2: 0 ASA_m^2/cm^3: 0 ASA_m^2/g: 0 NASA_A^2: 13.0635 NASA_m^2/cm^3: 47.399 NASA_m^2/g: 35.4167
Number_of_channels: 0 Channel_surface_area_A^2: 
Number_of_pockets: 8 Pocket_surface_area_A^2: 1.63585  1.59669  1.77423  1.4726  1.6664  1.94264  1.40564  1.56944  
