@ feature_folders/MIFTEC_clean/zeo++/MIFTEC_clean_sa.txt Unitcell_volume: 11816.4   Density: 1.49343   ASA_A^2: 520.228 ASA_m^2/cm^3: 440.258 ASA_m^2/g: 294.796 NASA_A^2: 30.8725 NASA_m^2/cm^3: 26.1267 NASA_m^2/g: 17.4944
Number_of_channels: 2 Channel_surface_area_A^2: 261.228  259  
Number_of_pockets: 8 Pocket_surface_area_A^2: 3.87892  3.6431  3.93816  3.66351  4.10381  3.82822  3.87286  3.9439  
