@ feature_folders/IXEJOM_clean/zeo++/IXEJOM_clean_sa.txt Unitcell_volume: 8840.74   Density: 0.818993   ASA_A^2: 1731.64 ASA_m^2/cm^3: 1958.7 ASA_m^2/g: 2391.59 NASA_A^2: 0.228774 NASA_m^2/cm^3: 0.258772 NASA_m^2/g: 0.315964
Number_of_channels: 1 Channel_surface_area_A^2: 1731.64  
Number_of_pockets: 4 Pocket_surface_area_A^2: 0.071613  0.0467424  0.0418042  0.0686141  
