@ feature_folders/SEHZUB_clean/zeo++/SEHZUB_clean_sa.txt Unitcell_volume: 1118.43   Density: 1.14687   ASA_A^2: 76.4675 ASA_m^2/cm^3: 683.701 ASA_m^2/g: 596.147 NASA_A^2: 0.0109359 NASA_m^2/cm^3: 0.0977785 NASA_m^2/g: 0.0852571
Number_of_channels: 1 Channel_surface_area_A^2: 76.4675  
Number_of_pockets: 3 Pocket_surface_area_A^2: 0  0.0109359  0  
