@ feature_folders/FARHOX_ion_b/zeo++/FARHOX_ion_b_sa.txt Unitcell_volume: 6462.01   Density: 1.63231   ASA_A^2: 0 ASA_m^2/cm^3: 0 ASA_m^2/g: 0 NASA_A^2: 563.251 NASA_m^2/cm^3: 871.634 NASA_m^2/g: 533.989
Number_of_channels: 0 Channel_surface_area_A^2: 
Number_of_pockets: 6 Pocket_surface_area_A^2: 0.312293  281.155  280.705  0.401982  0.343601  0.332586  
