@ feature_folders/YIBMUT_clean/zeo++/YIBMUT_clean_sa.txt Unitcell_volume: 1824.96   Density: 1.43993   ASA_A^2: 0 ASA_m^2/cm^3: 0 ASA_m^2/g: 0 NASA_A^2: 43.668 NASA_m^2/cm^3: 239.282 NASA_m^2/g: 166.176
Number_of_channels: 0 Channel_surface_area_A^2: 
Number_of_pockets: 6 Pocket_surface_area_A^2: 16.7071  2.984  2.54647  15.2632  2.85793  3.30937  
