@ feature_folders/Zn3_BTP_2/zeo++/Zn3_BTP_2_sa.txt Unitcell_volume: 4846.53   Density: 1.01791   ASA_A^2: 531.97 ASA_m^2/cm^3: 1097.63 ASA_m^2/g: 1078.32 NASA_A^2: 6.75267 NASA_m^2/cm^3: 13.933 NASA_m^2/g: 13.6879
Number_of_channels: 2 Channel_surface_area_A^2: 264.969  267.001  
Number_of_pockets: 4 Pocket_surface_area_A^2: 1.52891  1.79965  1.95891  1.4652  
