@ feature_folders/TISLIR_clean/zeo++/TISLIR_clean_sa.txt Unitcell_volume: 1861.35   Density: 2.06145   ASA_A^2: 0 ASA_m^2/cm^3: 0 ASA_m^2/g: 0 NASA_A^2: 1.36878 NASA_m^2/cm^3: 7.3537 NASA_m^2/g: 3.56724
Number_of_channels: 0 Channel_surface_area_A^2: 
Number_of_pockets: 8 Pocket_surface_area_A^2: 0.0252922  0.301836  0.359467  0.0427881  0.248272  0.0942735  0.22787  0.0689813  
