@ feature_folders/HUWHOY_clean/zeo++/HUWHOY_clean_sa.txt Unitcell_volume: 3911.01   Density: 0.950744   ASA_A^2: 583.965 ASA_m^2/cm^3: 1493.13 ASA_m^2/g: 1570.49 NASA_A^2: 0.278829 NASA_m^2/cm^3: 0.712932 NASA_m^2/g: 0.749868
Number_of_channels: 1 Channel_surface_area_A^2: 583.965  
Number_of_pockets: 2 Pocket_surface_area_A^2: 0.0824366  0.196392  
