@ feature_folders/AMUFOF_clean/zeo++/AMUFOF_clean_sa.txt Unitcell_volume: 1148.82   Density: 1.34461   ASA_A^2: 66.6044 ASA_m^2/cm^3: 579.765 ASA_m^2/g: 431.176 NASA_A^2: 1.56461 NASA_m^2/cm^3: 13.6193 NASA_m^2/g: 10.1288
Number_of_channels: 1 Channel_surface_area_A^2: 66.6044  
Number_of_pockets: 2 Pocket_surface_area_A^2: 0.66078  0.903834  
