@ feature_folders/UTACOJ_clean/zeo++/UTACOJ_clean_sa.txt Unitcell_volume: 3777.08   Density: 1.1027   ASA_A^2: 635.739 ASA_m^2/cm^3: 1683.15 ASA_m^2/g: 1526.39 NASA_A^2: 3.18214 NASA_m^2/cm^3: 8.42486 NASA_m^2/g: 7.64023
Number_of_channels: 1 Channel_surface_area_A^2: 635.739  
Number_of_pockets: 2 Pocket_surface_area_A^2: 1.58656  1.59558  
