@ feature_folders/ULIMIN_clean/zeo++/ULIMIN_clean_sa.txt Unitcell_volume: 3275.11   Density: 1.2693   ASA_A^2: 94.1971 ASA_m^2/cm^3: 287.615 ASA_m^2/g: 226.592 NASA_A^2: 24.9914 NASA_m^2/cm^3: 76.3068 NASA_m^2/g: 60.117
Number_of_channels: 2 Channel_surface_area_A^2: 47.6526  46.5445  
Number_of_pockets: 4 Pocket_surface_area_A^2: 10.5275  2.19578  10.1917  2.07643  
