@ feature_folders/MUJPUE_clean/zeo++/MUJPUE_clean_sa.txt Unitcell_volume: 9561.46   Density: 1.39952   ASA_A^2: 0 ASA_m^2/cm^3: 0 ASA_m^2/g: 0 NASA_A^2: 421.067 NASA_m^2/cm^3: 440.38 NASA_m^2/g: 314.666
Number_of_channels: 0 Channel_surface_area_A^2: 
Number_of_pockets: 16 Pocket_surface_area_A^2: 0.306205  7.10059  95.832  0.339012  98.8139  7.12622  0.393692  0.284333  6.88172  7.33079  0.317141  98.1341  0.339012  97.267  0.306205  0.295269  
