@ feature_folders/TORJIV_clean/zeo++/TORJIV_clean_sa.txt Unitcell_volume: 3498.94   Density: 1.14909   ASA_A^2: 0 ASA_m^2/cm^3: 0 ASA_m^2/g: 0 NASA_A^2: 301.296 NASA_m^2/cm^3: 861.107 NASA_m^2/g: 749.381
Number_of_channels: 0 Channel_surface_area_A^2: 
Number_of_pockets: 12 Pocket_surface_area_A^2: 75.6987  0.317635  75.8899  73.3733  0.438544  0.253589  0.311689  73.848  0.217983  0.333902  0.342867  0.270137  
