@ feature_folders/RETBEZ_clean/zeo++/RETBEZ_clean_sa.txt Unitcell_volume: 5145.16   Density: 1.36188   ASA_A^2: 0 ASA_m^2/cm^3: 0 ASA_m^2/g: 0 NASA_A^2: 318.834 NASA_m^2/cm^3: 619.677 NASA_m^2/g: 455.014
Number_of_channels: 0 Channel_surface_area_A^2: 
Number_of_pockets: 8 Pocket_surface_area_A^2: 76.1738  0.876669  79.1327  0.908299  78.4541  0.747793  81.7525  0.787963  
