@ feature_folders/YARBUQ_clean/zeo++/YARBUQ_clean_sa.txt Unitcell_volume: 7130.55   Density: 1.19852   ASA_A^2: 135.805 ASA_m^2/cm^3: 190.455 ASA_m^2/g: 158.909 NASA_A^2: 88.261 NASA_m^2/cm^3: 123.779 NASA_m^2/g: 103.277
Number_of_channels: 2 Channel_surface_area_A^2: 68.1302  67.675  
Number_of_pockets: 6 Pocket_surface_area_A^2: 43.1414  43.9303  0.388172  0.255773  0.2786  0.266709  
