@ feature_folders/ZEDZAL_clean/zeo++/ZEDZAL_clean_sa.txt Unitcell_volume: 5564.86   Density: 1.03183   ASA_A^2: 725.864 ASA_m^2/cm^3: 1304.37 ASA_m^2/g: 1264.13 NASA_A^2: 0.284333 NASA_m^2/cm^3: 0.510944 NASA_m^2/g: 0.495181
Number_of_channels: 1 Channel_surface_area_A^2: 725.864  
Number_of_pockets: 12 Pocket_surface_area_A^2: 0  0.0218718  0.0328077  0.0218718  0.0437435  0.0218718  0.0218718  0  0.0218718  0.0109359  0.0546794  0.0328077  
