@ feature_folders/XANKOO_clean/zeo++/XANKOO_clean_sa.txt Unitcell_volume: 18476.4   Density: 0.745521   ASA_A^2: 3630.47 ASA_m^2/cm^3: 1964.92 ASA_m^2/g: 2635.63 NASA_A^2: 0.828158 NASA_m^2/cm^3: 0.448224 NASA_m^2/g: 0.601222
Number_of_channels: 1 Channel_surface_area_A^2: 3630.47  
Number_of_pockets: 1 Pocket_surface_area_A^2: 0.828158  
