@ feature_folders/SUWBET_clean/zeo++/SUWBET_clean_sa.txt Unitcell_volume: 2111.12   Density: 1.39724   ASA_A^2: 0 ASA_m^2/cm^3: 0 ASA_m^2/g: 0 NASA_A^2: 111.013 NASA_m^2/cm^3: 525.849 NASA_m^2/g: 376.349
Number_of_channels: 0 Channel_surface_area_A^2: 
Number_of_pockets: 10 Pocket_surface_area_A^2: 24.7006  2.07561  2.23002  2.23364  24.7846  24.0069  2.33021  2.23928  23.9423  2.46969  
