@ feature_folders/DADNOO_clean/zeo++/DADNOO_clean_sa.txt Unitcell_volume: 1594.92   Density: 1.89726   ASA_A^2: 0 ASA_m^2/cm^3: 0 ASA_m^2/g: 0 NASA_A^2: 79.0854 NASA_m^2/cm^3: 495.857 NASA_m^2/g: 261.354
Number_of_channels: 0 Channel_surface_area_A^2: 
Number_of_pockets: 6 Pocket_surface_area_A^2: 0.477854  0.546215  39.2697  37.635  0.732847  0.423849  
