@ feature_folders/TADCAE_clean/zeo++/TADCAE_clean_sa.txt Unitcell_volume: 3780.62   Density: 1.61627   ASA_A^2: 0 ASA_m^2/cm^3: 0 ASA_m^2/g: 0 NASA_A^2: 53.8065 NASA_m^2/cm^3: 142.322 NASA_m^2/g: 88.0555
Number_of_channels: 0 Channel_surface_area_A^2: 
Number_of_pockets: 6 Pocket_surface_area_A^2: 1.61454  23.822  1.49372  24.1589  1.49378  1.22356  
