@ feature_folders/GIWNUV_clean/zeo++/GIWNUV_clean_sa.txt Unitcell_volume: 2149.2   Density: 1.47072   ASA_A^2: 0 ASA_m^2/cm^3: 0 ASA_m^2/g: 0 NASA_A^2: 61.807 NASA_m^2/cm^3: 287.582 NASA_m^2/g: 195.538
Number_of_channels: 0 Channel_surface_area_A^2: 
Number_of_pockets: 7 Pocket_surface_area_A^2: 1.72002  9.63488  9.8056  9.99787  9.81262  10.5468  10.2892  
