@ feature_folders/DADNUU_clean/zeo++/DADNUU_clean_sa.txt Unitcell_volume: 1605.96   Density: 1.86251   ASA_A^2: 0 ASA_m^2/cm^3: 0 ASA_m^2/g: 0 NASA_A^2: 70.8838 NASA_m^2/cm^3: 441.38 NASA_m^2/g: 236.981
Number_of_channels: 0 Channel_surface_area_A^2: 
Number_of_pockets: 10 Pocket_surface_area_A^2: 0.216019  1.16286  31.9638  33.8727  0.890092  0.355488  0.298062  1.00494  0.143563  0.97623  
