@ feature_folders/ITIWAK_clean/zeo++/ITIWAK_clean_sa.txt Unitcell_volume: 5381.52   Density: 1.10257   ASA_A^2: 353.609 ASA_m^2/cm^3: 657.08 ASA_m^2/g: 595.952 NASA_A^2: 10.5729 NASA_m^2/cm^3: 19.6466 NASA_m^2/g: 17.8189
Number_of_channels: 1 Channel_surface_area_A^2: 353.609  
Number_of_pockets: 4 Pocket_surface_area_A^2: 2.83747  2.31585  2.54174  2.87782  
