@ feature_folders/UTSA-16/zeo++/UTSA-16_sa.txt Unitcell_volume: 5233.41   Density: 1.59437   ASA_A^2: 0 ASA_m^2/cm^3: 0 ASA_m^2/g: 0 NASA_A^2: 155.263 NASA_m^2/cm^3: 296.677 NASA_m^2/g: 186.078
Number_of_channels: 0 Channel_surface_area_A^2: 
Number_of_pockets: 12 Pocket_surface_area_A^2: 35.1049  2.98366  0.229654  36.6089  1.05327  1.00547  34.6908  3.14496  1.2584  36.9692  1.25695  0.956961  
