@ feature_folders/TACFIN_clean/zeo++/TACFIN_clean_sa.txt Unitcell_volume: 1941.17   Density: 2.15064   ASA_A^2: 0 ASA_m^2/cm^3: 0 ASA_m^2/g: 0 NASA_A^2: 38.2586 NASA_m^2/cm^3: 197.09 NASA_m^2/g: 91.6425
Number_of_channels: 0 Channel_surface_area_A^2: 
Number_of_pockets: 8 Pocket_surface_area_A^2: 4.51471  4.87051  4.32808  5.04029  4.94539  4.81867  4.73814  5.00283  
