@ feature_folders/ONUJUE/zeo++/ONUJUE_sa.txt Unitcell_volume: 3224.55   Density: 1.20375   ASA_A^2: 349.79 ASA_m^2/cm^3: 1084.77 ASA_m^2/g: 901.165 NASA_A^2: 0.995165 NASA_m^2/cm^3: 3.08622 NASA_m^2/g: 2.56384
Number_of_channels: 1 Channel_surface_area_A^2: 349.79  
Number_of_pockets: 2 Pocket_surface_area_A^2: 0.481179  0.513987  
