@ feature_folders/MOXDEJ/zeo++/MOXDEJ_sa.txt Unitcell_volume: 1922.29   Density: 1.4396   ASA_A^2: 0 ASA_m^2/cm^3: 0 ASA_m^2/g: 0 NASA_A^2: 8.97472 NASA_m^2/cm^3: 46.6877 NASA_m^2/g: 32.4309
Number_of_channels: 0 Channel_surface_area_A^2: 
Number_of_pockets: 12 Pocket_surface_area_A^2: 2.29921  0  0.320433  0  0.287625  1.79692  1.89528  0.255773  0.277645  0  1.84183  0  
