@ feature_folders/NUVYOT_clean/zeo++/NUVYOT_clean_sa.txt Unitcell_volume: 2963.69   Density: 1.15218   ASA_A^2: 0 ASA_m^2/cm^3: 0 ASA_m^2/g: 0 NASA_A^2: 151.508 NASA_m^2/cm^3: 511.213 NASA_m^2/g: 443.694
Number_of_channels: 0 Channel_surface_area_A^2: 
Number_of_pockets: 6 Pocket_surface_area_A^2: 14.3912  61.9229  13.4973  0.0159261  61.6664  0.0143563  
