@ feature_folders/MIFTIG_clean/zeo++/MIFTIG_clean_sa.txt Unitcell_volume: 11687.9   Density: 1.51351   ASA_A^2: 499.471 ASA_m^2/cm^3: 427.342 ASA_m^2/g: 282.352 NASA_A^2: 20.0151 NASA_m^2/cm^3: 17.1247 NASA_m^2/g: 11.3146
Number_of_channels: 2 Channel_surface_area_A^2: 249.866  249.605  
Number_of_pockets: 8 Pocket_surface_area_A^2: 2.52741  2.80447  2.40431  2.44622  2.63988  2.49258  2.23761  2.46265  
