@ feature_folders/ERULEK_clean/zeo++/ERULEK_clean_sa.txt Unitcell_volume: 8345.65   Density: 0.799593   ASA_A^2: 1456.62 ASA_m^2/cm^3: 1745.37 ASA_m^2/g: 2182.82 NASA_A^2: 0.154961 NASA_m^2/cm^3: 0.185679 NASA_m^2/g: 0.232217
Number_of_channels: 1 Channel_surface_area_A^2: 1456.62  
Number_of_pockets: 4 Pocket_surface_area_A^2: 0.0524102  0.0305384  0.0451507  0.026862  
