@ feature_folders/WABVOL/zeo++/WABVOL_sa.txt Unitcell_volume: 2975.3   Density: 1.49122   ASA_A^2: 0 ASA_m^2/cm^3: 0 ASA_m^2/g: 0 NASA_A^2: 136.927 NASA_m^2/cm^3: 460.212 NASA_m^2/g: 308.614
Number_of_channels: 0 Channel_surface_area_A^2: 
Number_of_pockets: 10 Pocket_surface_area_A^2: 9.13182  9.22289  8.78435  8.97168  31.8605  9.43272  8.90288  10.0712  9.169  31.3798  
