@ feature_folders/FOXPUE/zeo++/FOXPUE_sa.txt Unitcell_volume: 2031.57   Density: 1.19677   ASA_A^2: 0 ASA_m^2/cm^3: 0 ASA_m^2/g: 0 NASA_A^2: 14.5866 NASA_m^2/cm^3: 71.7995 NASA_m^2/g: 59.9945
Number_of_channels: 0 Channel_surface_area_A^2: 
Number_of_pockets: 8 Pocket_surface_area_A^2: 1.5117  1.42326  2.95375  2.75043  0.0546794  2.52651  0.0924773  3.27376  
