@ feature_folders/AVUHIJ/zeo++/AVUHIJ_sa.txt Unitcell_volume: 4002.61   Density: 1.36097   ASA_A^2: 0 ASA_m^2/cm^3: 0 ASA_m^2/g: 0 NASA_A^2: 1.47995 NASA_m^2/cm^3: 3.69745 NASA_m^2/g: 2.71679
Number_of_channels: 0 Channel_surface_area_A^2: 
Number_of_pockets: 8 Pocket_surface_area_A^2: 0.411408  0.0446388  0.265207  0.0448947  0.367725  0.301435  0  0.0446388  
