@ feature_folders/MIFTUS_clean/zeo++/MIFTUS_clean_sa.txt Unitcell_volume: 11017.6   Density: 1.61833   ASA_A^2: 332.619 ASA_m^2/cm^3: 301.898 ASA_m^2/g: 186.549 NASA_A^2: 23.2645 NASA_m^2/cm^3: 21.1158 NASA_m^2/g: 13.0479
Number_of_channels: 2 Channel_surface_area_A^2: 165.215  167.404  
Number_of_pockets: 24 Pocket_surface_area_A^2: 0.0589951  2.34719  0.633009  2.00444  2.30569  0.0686172  0.522071  0.843527  0.478406  0.0146123  2.14996  0.0477783  2.0691  2.10072  2.595  0.0751772  0.579737  0.624436  0.107285  0.61849  0.105716  2.22712  0.597402  0.0900455  
