@ feature_folders/GIKMOD03/zeo++/GIKMOD03_sa.txt Unitcell_volume: 1344.65   Density: 1.90802   ASA_A^2: 0 ASA_m^2/cm^3: 0 ASA_m^2/g: 0 NASA_A^2: 1.82407 NASA_m^2/cm^3: 13.5654 NASA_m^2/g: 7.1097
Number_of_channels: 0 Channel_surface_area_A^2: 
Number_of_pockets: 4 Pocket_surface_area_A^2: 0.409036  0.49798  0.479923  0.437134  
