@ feature_folders/MIFVEE_clean/zeo++/MIFVEE_clean_sa.txt Unitcell_volume: 11552.9   Density: 1.54719   ASA_A^2: 435.005 ASA_m^2/cm^3: 376.533 ASA_m^2/g: 243.365 NASA_A^2: 17.5909 NASA_m^2/cm^3: 15.2264 NASA_m^2/g: 9.84126
Number_of_channels: 2 Channel_surface_area_A^2: 216.331  218.674  
Number_of_pockets: 16 Pocket_surface_area_A^2: 0.780477  1.37481  1.52582  0.743054  1.6253  1.50412  0.749598  0.565659  0.696436  1.41277  1.691  0.689407  1.3391  0.730917  1.56406  0.598357  
