@ feature_folders/SUJRIZ_clean/zeo++/SUJRIZ_clean_sa.txt Unitcell_volume: 4087.91   Density: 1.33799   ASA_A^2: 0 ASA_m^2/cm^3: 0 ASA_m^2/g: 0 NASA_A^2: 0.939641 NASA_m^2/cm^3: 2.29859 NASA_m^2/g: 1.71794
Number_of_channels: 0 Channel_surface_area_A^2: 
Number_of_pockets: 16 Pocket_surface_area_A^2: 0  0.20704  0.111483  0.111483  0  0.127409  0  0.0477783  0.0318522  0.111483  0.0318522  0.0637045  0.0318522  0.0159261  0.0159261  0.0318522  
