@ feature_folders/DUKNII_clean/zeo++/DUKNII_clean_sa.txt Unitcell_volume: 5791.93   Density: 1.23201   ASA_A^2: 0 ASA_m^2/cm^3: 0 ASA_m^2/g: 0 NASA_A^2: 129.907 NASA_m^2/cm^3: 224.291 NASA_m^2/g: 182.053
Number_of_channels: 0 Channel_surface_area_A^2: 
Number_of_pockets: 6 Pocket_surface_area_A^2: 3.70053  4.19869  29.9712  29.9723  30.9432  31.1216  
