@ feature_folders/IWELIG01_clean/zeo++/IWELIG01_clean_sa.txt Unitcell_volume: 1817.03   Density: 1.86798   ASA_A^2: 67.0399 ASA_m^2/cm^3: 368.952 ASA_m^2/g: 197.514 NASA_A^2: 8.34528 NASA_m^2/cm^3: 45.928 NASA_m^2/g: 24.587
Number_of_channels: 2 Channel_surface_area_A^2: 33.9146  33.1253  
Number_of_pockets: 2 Pocket_surface_area_A^2: 4.23635  4.10894  
