@ feature_folders/NUNTOH_clean/zeo++/NUNTOH_clean_sa.txt Unitcell_volume: 1642.53   Density: 1.65303   ASA_A^2: 0 ASA_m^2/cm^3: 0 ASA_m^2/g: 0 NASA_A^2: 26.38 NASA_m^2/cm^3: 160.607 NASA_m^2/g: 97.159
Number_of_channels: 0 Channel_surface_area_A^2: 
Number_of_pockets: 12 Pocket_surface_area_A^2: 3.20726  2.9376  0.330195  3.20332  0.348368  3.49607  2.93055  2.93055  0.390172  3.02936  3.20332  0.373264  
