@ feature_folders/HUZSOL_clean/zeo++/HUZSOL_clean_sa.txt Unitcell_volume: 9352.67   Density: 0.905605   ASA_A^2: 1024.86 ASA_m^2/cm^3: 1095.8 ASA_m^2/g: 1210.01 NASA_A^2: 35.9037 NASA_m^2/cm^3: 38.3887 NASA_m^2/g: 42.39
Number_of_channels: 2 Channel_surface_area_A^2: 511.399  513.463  
Number_of_pockets: 4 Pocket_surface_area_A^2: 8.84718  9.10464  8.69956  9.25228  
