@ feature_folders/WEBQIF_clean/zeo++/WEBQIF_clean_sa.txt Unitcell_volume: 2582.42   Density: 1.97924   ASA_A^2: 0 ASA_m^2/cm^3: 0 ASA_m^2/g: 0 NASA_A^2: 38.7243 NASA_m^2/cm^3: 149.954 NASA_m^2/g: 75.7631
Number_of_channels: 0 Channel_surface_area_A^2: 
Number_of_pockets: 12 Pocket_surface_area_A^2: 10.0799  5.6719  1.48307  0.717816  1.45436  0.646035  5.52337  9.35465  0.473759  1.31953  0.70346  1.29644  
