@ feature_folders/KEHGEL_clean/zeo++/KEHGEL_clean_sa.txt Unitcell_volume: 5061.68   Density: 1.34455   ASA_A^2: 0 ASA_m^2/cm^3: 0 ASA_m^2/g: 0 NASA_A^2: 76.1704 NASA_m^2/cm^3: 150.485 NASA_m^2/g: 111.922
Number_of_channels: 0 Channel_surface_area_A^2: 
Number_of_pockets: 16 Pocket_surface_area_A^2: 9.54785  9.48317  0  0  0  10.0094  0  9.76029  0  9.4501  10.1882  0  8.79374  8.93769  0  0  
