@ feature_folders/GAWCUF_clean/zeo++/GAWCUF_clean_sa.txt Unitcell_volume: 3593.6   Density: 1.20211   ASA_A^2: 0 ASA_m^2/cm^3: 0 ASA_m^2/g: 0 NASA_A^2: 172.081 NASA_m^2/cm^3: 478.853 NASA_m^2/g: 398.345
Number_of_channels: 0 Channel_surface_area_A^2: 
Number_of_pockets: 12 Pocket_surface_area_A^2: 31.9475  9.45188  9.77533  33.1155  0  10.2949  34.2779  0  33.3944  0.0109359  9.80145  0.0109359  
