@ feature_folders/CUNGAU/zeo++/CUNGAU_sa.txt Unitcell_volume: 1826.08   Density: 0.952339   ASA_A^2: 70.3391 ASA_m^2/cm^3: 385.192 ASA_m^2/g: 404.469 NASA_A^2: 1.84456 NASA_m^2/cm^3: 10.1012 NASA_m^2/g: 10.6067
Number_of_channels: 2 Channel_surface_area_A^2: 35.4032  34.936  
Number_of_pockets: 16 Pocket_surface_area_A^2: 0  0.217762  0.19589  0  0  0.25556  0  0.131231  0  0.282422  0.169028  0  0.261506  0  0.331156  0  
