@ feature_folders/JUNBOL_clean/zeo++/JUNBOL_clean_sa.txt Unitcell_volume: 3506.23   Density: 1.56146   ASA_A^2: 0 ASA_m^2/cm^3: 0 ASA_m^2/g: 0 NASA_A^2: 103.162 NASA_m^2/cm^3: 294.224 NASA_m^2/g: 188.429
Number_of_channels: 0 Channel_surface_area_A^2: 
Number_of_pockets: 6 Pocket_surface_area_A^2: 22.8651  23.2701  21.6431  22.1058  6.55337  6.72446  
