@ feature_folders/ZEDHIB_clean/zeo++/ZEDHIB_clean_sa.txt Unitcell_volume: 3599.71   Density: 1.37217   ASA_A^2: 0 ASA_m^2/cm^3: 0 ASA_m^2/g: 0 NASA_A^2: 139.544 NASA_m^2/cm^3: 387.653 NASA_m^2/g: 282.511
Number_of_channels: 0 Channel_surface_area_A^2: 
Number_of_pockets: 12 Pocket_surface_area_A^2: 30.4803  2.65782  2.54286  32.0435  0.424537  32.025  0.51413  32.2257  2.97451  2.75681  0.468851  0.429952  
