@ feature_folders/SOTWUV_clean/zeo++/SOTWUV_clean_sa.txt Unitcell_volume: 2183.69   Density: 1.20466   ASA_A^2: 405.543 ASA_m^2/cm^3: 1857.15 ASA_m^2/g: 1541.63 NASA_A^2: 1.54666 NASA_m^2/cm^3: 7.08277 NASA_m^2/g: 5.87946
Number_of_channels: 1 Channel_surface_area_A^2: 405.543  
Number_of_pockets: 2 Pocket_surface_area_A^2: 0.775013  0.771646  
