@ feature_folders/GARLOD_clean/zeo++/GARLOD_clean_sa.txt Unitcell_volume: 3336.7   Density: 1.18591   ASA_A^2: 345.935 ASA_m^2/cm^3: 1036.76 ASA_m^2/g: 874.231 NASA_A^2: 0.923715 NASA_m^2/cm^3: 2.76835 NASA_m^2/g: 2.33437
Number_of_channels: 1 Channel_surface_area_A^2: 345.935  
Number_of_pockets: 8 Pocket_surface_area_A^2: 0.222966  0  0  0.318522  0.270744  0  0.111483  0  
