@ feature_folders/UKEXEP_clean/zeo++/UKEXEP_clean_sa.txt Unitcell_volume: 4902.06   Density: 1.58485   ASA_A^2: 0 ASA_m^2/cm^3: 0 ASA_m^2/g: 0 NASA_A^2: 78.5102 NASA_m^2/cm^3: 160.158 NASA_m^2/g: 101.056
Number_of_channels: 0 Channel_surface_area_A^2: 
Number_of_pockets: 10 Pocket_surface_area_A^2: 2.56367  0.889864  0.730146  31.3372  2.97654  31.6853  3.47206  1.1577  0.953568  2.74425  
