@ feature_folders/OWETIU_clean/zeo++/OWETIU_clean_sa.txt Unitcell_volume: 5085.79   Density: 3.31737   ASA_A^2: 405.064 ASA_m^2/cm^3: 796.463 ASA_m^2/g: 240.089 NASA_A^2: 14.0523 NASA_m^2/cm^3: 27.6306 NASA_m^2/g: 8.32907
Number_of_channels: 1 Channel_surface_area_A^2: 405.064  
Number_of_pockets: 4 Pocket_surface_area_A^2: 7.274  0.0218718  6.74553  0.0109359  
