@ feature_folders/DADPEG_clean/zeo++/DADPEG_clean_sa.txt Unitcell_volume: 1594.12   Density: 1.91805   ASA_A^2: 0 ASA_m^2/cm^3: 0 ASA_m^2/g: 0 NASA_A^2: 86.7806 NASA_m^2/cm^3: 544.38 NASA_m^2/g: 283.819
Number_of_channels: 0 Channel_surface_area_A^2: 
Number_of_pockets: 8 Pocket_surface_area_A^2: 0.823755  42.6082  40.8151  0.772496  0.955707  0  0.805303  0  
