@ feature_folders/YELYOE_clean/zeo++/YELYOE_clean_sa.txt Unitcell_volume: 3592.73   Density: 2.17111   ASA_A^2: 0 ASA_m^2/cm^3: 0 ASA_m^2/g: 0 NASA_A^2: 146.238 NASA_m^2/cm^3: 407.04 NASA_m^2/g: 187.48
Number_of_channels: 0 Channel_surface_area_A^2: 
Number_of_pockets: 8 Pocket_surface_area_A^2: 27.022  8.88606  27.6385  8.53191  29.4926  27.698  8.15256  8.81651  
