@ feature_folders/QEZZEC_clean/zeo++/QEZZEC_clean_sa.txt Unitcell_volume: 1775.1   Density: 2.18001   ASA_A^2: 0 ASA_m^2/cm^3: 0 ASA_m^2/g: 0 NASA_A^2: 60.2478 NASA_m^2/cm^3: 339.405 NASA_m^2/g: 155.689
Number_of_channels: 0 Channel_surface_area_A^2: 
Number_of_pockets: 8 Pocket_surface_area_A^2: 7.8381  7.92424  8.22077  6.48906  6.21629  7.79205  7.59207  8.17522  
