@ feature_folders/HAZGOF01_clean_h/zeo++/HAZGOF01_clean_h_sa.txt Unitcell_volume: 1560.99   Density: 1.23879   ASA_A^2: 0 ASA_m^2/cm^3: 0 ASA_m^2/g: 0 NASA_A^2: 0.653713 NASA_m^2/cm^3: 4.18781 NASA_m^2/g: 3.38058
Number_of_channels: 0 Channel_surface_area_A^2: 
Number_of_pockets: 4 Pocket_surface_area_A^2: 0.213941  0.219886  0.12433  0.0955567  
