@ feature_folders/OMAMEU_clean/zeo++/OMAMEU_clean_sa.txt Unitcell_volume: 3136.53   Density: 2.05035   ASA_A^2: 0 ASA_m^2/cm^3: 0 ASA_m^2/g: 0 NASA_A^2: 177.083 NASA_m^2/cm^3: 564.584 NASA_m^2/g: 275.36
Number_of_channels: 0 Channel_surface_area_A^2: 
Number_of_pockets: 12 Pocket_surface_area_A^2: 44.073  44.2769  0.0936534  0.0574253  44.6685  0.0827175  0.0827175  43.324  0.0936534  0.0827175  0.10801  0.140143  
