@ feature_folders/WAHNOL_clean/zeo++/WAHNOL_clean_sa.txt Unitcell_volume: 9512.23   Density: 0.498613   ASA_A^2: 1895.91 ASA_m^2/cm^3: 1993.13 ASA_m^2/g: 3997.36 NASA_A^2: 7.54576 NASA_m^2/cm^3: 7.9327 NASA_m^2/g: 15.9095
Number_of_channels: 1 Channel_surface_area_A^2: 1895.91  
Number_of_pockets: 3 Pocket_surface_area_A^2: 2.46057  2.4387  2.64648  
