@ feature_folders/KULZEY_clean/zeo++/KULZEY_clean_sa.txt Unitcell_volume: 5861.8   Density: 1.21787   ASA_A^2: 0 ASA_m^2/cm^3: 0 ASA_m^2/g: 0 NASA_A^2: 135.88 NASA_m^2/cm^3: 231.806 NASA_m^2/g: 190.338
Number_of_channels: 0 Channel_surface_area_A^2: 
Number_of_pockets: 6 Pocket_surface_area_A^2: 3.96477  4.18096  33.1519  30.6144  32.2074  31.7604  
