@ feature_folders/DUHXIP_clean/zeo++/DUHXIP_clean_sa.txt Unitcell_volume: 6623.4   Density: 1.27884   ASA_A^2: 0 ASA_m^2/cm^3: 0 ASA_m^2/g: 0 NASA_A^2: 275.535 NASA_m^2/cm^3: 416.002 NASA_m^2/g: 325.297
Number_of_channels: 0 Channel_surface_area_A^2: 
Number_of_pockets: 8 Pocket_surface_area_A^2: 51.645  87.53  0  0.0159261  51.4369  84.8963  0  0.0109359  
