@ feature_folders/BEFLAB01_clean/zeo++/BEFLAB01_clean_sa.txt Unitcell_volume: 2071.54   Density: 1.5641   ASA_A^2: 0 ASA_m^2/cm^3: 0 ASA_m^2/g: 0 NASA_A^2: 86.0595 NASA_m^2/cm^3: 415.437 NASA_m^2/g: 265.608
Number_of_channels: 0 Channel_surface_area_A^2: 
Number_of_pockets: 8 Pocket_surface_area_A^2: 39.9077  0.186632  0.229701  40.4092  2.34008  2.58414  0.229701  0.172276  
