@ feature_folders/RUVBOB_clean/zeo++/RUVBOB_clean_sa.txt Unitcell_volume: 4418.29   Density: 1.3777   ASA_A^2: 416.482 ASA_m^2/cm^3: 942.632 ASA_m^2/g: 684.206 NASA_A^2: 0.429792 NASA_m^2/cm^3: 0.972757 NASA_m^2/g: 0.706072
Number_of_channels: 1 Channel_surface_area_A^2: 416.482  
Number_of_pockets: 2 Pocket_surface_area_A^2: 0.20396  0.225832  
