@ feature_folders/UKUPEX_clean/zeo++/UKUPEX_clean_sa.txt Unitcell_volume: 3423.01   Density: 1.18566   ASA_A^2: 0 ASA_m^2/cm^3: 0 ASA_m^2/g: 0 NASA_A^2: 101.858 NASA_m^2/cm^3: 297.569 NASA_m^2/g: 250.974
Number_of_channels: 0 Channel_surface_area_A^2: 
Number_of_pockets: 12 Pocket_surface_area_A^2: 18.0715  1.24167  21.0253  0.20233  10.2511  0  10.2427  0.229192  20.9567  18.5458  0  1.0916  
