@ feature_folders/QUVDUH_clean/zeo++/QUVDUH_clean_sa.txt Unitcell_volume: 2749.58   Density: 1.78284   ASA_A^2: 0 ASA_m^2/cm^3: 0 ASA_m^2/g: 0 NASA_A^2: 6.09023 NASA_m^2/cm^3: 22.1497 NASA_m^2/g: 12.4238
Number_of_channels: 0 Channel_surface_area_A^2: 
Number_of_pockets: 8 Pocket_surface_area_A^2: 1.42494  0.0328077  1.50423  0.0143563  1.58869  0.0159261  1.46806  0.0412183  
