@ feature_folders/XAVQIU01/zeo++/XAVQIU01_sa.txt Unitcell_volume: 1680.02   Density: 1.16836   ASA_A^2: 0 ASA_m^2/cm^3: 0 ASA_m^2/g: 0 NASA_A^2: 30.675 NASA_m^2/cm^3: 182.587 NASA_m^2/g: 156.276
Number_of_channels: 0 Channel_surface_area_A^2: 
Number_of_pockets: 12 Pocket_surface_area_A^2: 6.46975  0.566327  0.587824  6.62606  0.732655  0.42147  6.75723  0.419513  0.605414  6.29738  0.514824  0.676536  
