@ feature_folders/AYOQEM_clean/zeo++/AYOQEM_clean_sa.txt Unitcell_volume: 26099.7   Density: 0.774775   ASA_A^2: 5517.79 ASA_m^2/cm^3: 2114.12 ASA_m^2/g: 2728.69 NASA_A^2: 2.91448 NASA_m^2/cm^3: 1.11667 NASA_m^2/g: 1.44129
Number_of_channels: 1 Channel_surface_area_A^2: 5517.79  
Number_of_pockets: 2 Pocket_surface_area_A^2: 1.35372  1.56076  
