@ feature_folders/QUPJAN_clean/zeo++/QUPJAN_clean_sa.txt Unitcell_volume: 4948.45   Density: 1.33898   ASA_A^2: 0 ASA_m^2/cm^3: 0 ASA_m^2/g: 0 NASA_A^2: 223.37 NASA_m^2/cm^3: 451.395 NASA_m^2/g: 337.119
Number_of_channels: 0 Channel_surface_area_A^2: 
Number_of_pockets: 12 Pocket_surface_area_A^2: 52.0962  1.27409  2.21373  51.1012  1.4015  2.47948  52.6246  52.089  1.70409  2.46855  1.62446  2.29336  
