@ feature_folders/AQOSEG_clean/zeo++/AQOSEG_clean_sa.txt Unitcell_volume: 7230.75   Density: 1.01326   ASA_A^2: 0 ASA_m^2/cm^3: 0 ASA_m^2/g: 0 NASA_A^2: 844.978 NASA_m^2/cm^3: 1168.59 NASA_m^2/g: 1153.3
Number_of_channels: 0 Channel_surface_area_A^2: 
Number_of_pockets: 6 Pocket_surface_area_A^2: 210.343  209.424  0.857422  212.333  211.166  0.853559  
