@ feature_folders/KUNMUD_clean/zeo++/KUNMUD_clean_sa.txt Unitcell_volume: 5364.58   Density: 1.10605   ASA_A^2: 347.688 ASA_m^2/cm^3: 648.119 ASA_m^2/g: 585.974 NASA_A^2: 0.164038 NASA_m^2/cm^3: 0.30578 NASA_m^2/g: 0.276461
Number_of_channels: 1 Channel_surface_area_A^2: 347.688  
Number_of_pockets: 4 Pocket_surface_area_A^2: 0.0109359  0.0437435  0.0874871  0.0218718  
