@ feature_folders/OLANEW_clean/zeo++/OLANEW_clean_sa.txt Unitcell_volume: 7194.62   Density: 1.31839   ASA_A^2: 804.021 ASA_m^2/cm^3: 1117.53 ASA_m^2/g: 847.646 NASA_A^2: 1.2813 NASA_m^2/cm^3: 1.78091 NASA_m^2/g: 1.35082
Number_of_channels: 1 Channel_surface_area_A^2: 804.021  
Number_of_pockets: 4 Pocket_surface_area_A^2: 0.0540049  0.542173  0.594888  0.0902329  
