@ feature_folders/SOSFOX/zeo++/SOSFOX_sa.txt Unitcell_volume: 7795.42   Density: 1.44308   ASA_A^2: 0 ASA_m^2/cm^3: 0 ASA_m^2/g: 0 NASA_A^2: 9.94618 NASA_m^2/cm^3: 12.759 NASA_m^2/g: 8.84153
Number_of_channels: 0 Channel_surface_area_A^2: 
Number_of_pockets: 8 Pocket_surface_area_A^2: 2.506  0  0.0362281  0.0427881  2.53231  0.0143563  2.58961  2.22488  
