@ feature_folders/IGIZEF_clean/zeo++/IGIZEF_clean_sa.txt Unitcell_volume: 1891.86   Density: 1.87274   ASA_A^2: 0 ASA_m^2/cm^3: 0 ASA_m^2/g: 0 NASA_A^2: 26.2753 NASA_m^2/cm^3: 138.886 NASA_m^2/g: 74.1622
Number_of_channels: 0 Channel_surface_area_A^2: 
Number_of_pockets: 6 Pocket_surface_area_A^2: 12.7896  12.1793  0.301483  0.387621  0.358908  0.258414  
