@ feature_folders/REYPES_clean/zeo++/REYPES_clean_sa.txt Unitcell_volume: 8376.78   Density: 1.53002   ASA_A^2: 299.333 ASA_m^2/cm^3: 357.337 ASA_m^2/g: 233.55 NASA_A^2: 3.33603 NASA_m^2/cm^3: 3.98248 NASA_m^2/g: 2.60289
Number_of_channels: 2 Channel_surface_area_A^2: 148.273  151.06  
Number_of_pockets: 4 Pocket_surface_area_A^2: 0.854644  0.764025  0.896143  0.821222  
