@ feature_folders/NAGQET_clean/zeo++/NAGQET_clean_sa.txt Unitcell_volume: 2146.62   Density: 1.16822   ASA_A^2: 161.588 ASA_m^2/cm^3: 752.756 ASA_m^2/g: 644.361 NASA_A^2: 1.19446 NASA_m^2/cm^3: 5.56438 NASA_m^2/g: 4.76312
Number_of_channels: 1 Channel_surface_area_A^2: 161.588  
Number_of_pockets: 2 Pocket_surface_area_A^2: 0.700749  0.49371  
