@ feature_folders/HUYJUG_clean/zeo++/HUYJUG_clean_sa.txt Unitcell_volume: 8150.56   Density: 0.936428   ASA_A^2: 772.256 ASA_m^2/cm^3: 947.488 ASA_m^2/g: 1011.81 NASA_A^2: 98.5231 NASA_m^2/cm^3: 120.879 NASA_m^2/g: 129.085
Number_of_channels: 1 Channel_surface_area_A^2: 772.256  
Number_of_pockets: 6 Pocket_surface_area_A^2: 47.4508  0.748527  0.748527  0.891862  0.652971  48.0304  
