@ feature_folders/ONUKAL_clean/zeo++/ONUKAL_clean_sa.txt Unitcell_volume: 2062.85   Density: 1.39723   ASA_A^2: 152.246 ASA_m^2/cm^3: 738.039 ASA_m^2/g: 528.218 NASA_A^2: 0.0143563 NASA_m^2/cm^3: 0.0695947 NASA_m^2/g: 0.0498092
Number_of_channels: 2 Channel_surface_area_A^2: 74.6978  77.5484  
Number_of_pockets: 2 Pocket_surface_area_A^2: 0.0143563  0  
