@ feature_folders/FAQVEA_clean/zeo++/FAQVEA_clean_sa.txt Unitcell_volume: 1225.84   Density: 1.46606   ASA_A^2: 0 ASA_m^2/cm^3: 0 ASA_m^2/g: 0 NASA_A^2: 6.35305 NASA_m^2/cm^3: 51.8262 NASA_m^2/g: 35.3507
Number_of_channels: 0 Channel_surface_area_A^2: 
Number_of_pockets: 6 Pocket_surface_area_A^2: 2.83898  3.15745  0.0923147  0.102576  0.0774464  0.0842873  
