@ feature_folders/VEZMIY_clean/zeo++/VEZMIY_clean_sa.txt Unitcell_volume: 10414.7   Density: 1.37684   ASA_A^2: 0 ASA_m^2/cm^3: 0 ASA_m^2/g: 0 NASA_A^2: 0.0585584 NASA_m^2/cm^3: 0.0562268 NASA_m^2/g: 0.0408377
Number_of_channels: 0 Channel_surface_area_A^2: 
Number_of_pockets: 12 Pocket_surface_area_A^2: 0  0  0  0  0  0  0.0159261  0  0  0.0267062  0.0159261  0  
