@ feature_folders/OKIVUA_clean/zeo++/OKIVUA_clean_sa.txt Unitcell_volume: 5444.91   Density: 1.08974   ASA_A^2: 370.344 ASA_m^2/cm^3: 680.167 ASA_m^2/g: 624.157 NASA_A^2: 14.9056 NASA_m^2/cm^3: 27.3753 NASA_m^2/g: 25.1211
Number_of_channels: 1 Channel_surface_area_A^2: 370.344  
Number_of_pockets: 4 Pocket_surface_area_A^2: 3.70726  3.54323  3.82756  3.82756  
