@ feature_folders/ZODXEX/zeo++/ZODXEX_sa.txt Unitcell_volume: 69380.9   Density: 0.431977   ASA_A^2: 12982.8 ASA_m^2/cm^3: 1871.23 ASA_m^2/g: 4331.79 NASA_A^2: 2.05295 NASA_m^2/cm^3: 0.295896 NASA_m^2/g: 0.684981
Number_of_channels: 1 Channel_surface_area_A^2: 12982.8  
Number_of_pockets: 4 Pocket_surface_area_A^2: 0.54554  0.416333  0.459402  0.631678  
