@ feature_folders/HUXHEP/zeo++/HUXHEP_sa.txt Unitcell_volume: 2202.12   Density: 1.64054   ASA_A^2: 0 ASA_m^2/cm^3: 0 ASA_m^2/g: 0 NASA_A^2: 59.3113 NASA_m^2/cm^3: 269.337 NASA_m^2/g: 164.176
Number_of_channels: 0 Channel_surface_area_A^2: 
Number_of_pockets: 6 Pocket_surface_area_A^2: 24.3775  2.77372  24.6099  2.24796  2.68066  2.62157  
