@ feature_folders/RULXOM_clean/zeo++/RULXOM_clean_sa.txt Unitcell_volume: 8265.39   Density: 0.839199   ASA_A^2: 0 ASA_m^2/cm^3: 0 ASA_m^2/g: 0 NASA_A^2: 1045.72 NASA_m^2/cm^3: 1265.18 NASA_m^2/g: 1507.6
Number_of_channels: 0 Channel_surface_area_A^2: 
Number_of_pockets: 7 Pocket_surface_area_A^2: 985.059  9.948  10.0774  10.3695  9.96208  10.418  9.88609  
