@ feature_folders/FOPBAP_clean/zeo++/FOPBAP_clean_sa.txt Unitcell_volume: 4281.95   Density: 1.84319   ASA_A^2: 0 ASA_m^2/cm^3: 0 ASA_m^2/g: 0 NASA_A^2: 160.57 NASA_m^2/cm^3: 374.993 NASA_m^2/g: 203.447
Number_of_channels: 0 Channel_surface_area_A^2: 
Number_of_pockets: 6 Pocket_surface_area_A^2: 78.0525  1.30503  1.31461  77.6179  1.20072  1.0792  
