@ feature_folders/CODFEH_clean/zeo++/CODFEH_clean_sa.txt Unitcell_volume: 834.396   Density: 1.48867   ASA_A^2: 0 ASA_m^2/cm^3: 0 ASA_m^2/g: 0 NASA_A^2: 0.175528 NASA_m^2/cm^3: 2.10366 NASA_m^2/g: 1.41311
Number_of_channels: 0 Channel_surface_area_A^2: 
Number_of_pockets: 4 Pocket_surface_area_A^2: 0.0302824  0.080586  0.0218718  0.0427881  
