@ feature_folders/QUVFET_clean/zeo++/QUVFET_clean_sa.txt Unitcell_volume: 2701.28   Density: 2.23795   ASA_A^2: 0 ASA_m^2/cm^3: 0 ASA_m^2/g: 0 NASA_A^2: 3.36586 NASA_m^2/cm^3: 12.4603 NASA_m^2/g: 5.56772
Number_of_channels: 0 Channel_surface_area_A^2: 
Number_of_pockets: 8 Pocket_surface_area_A^2: 0.738068  0.0109359  0.873614  0.0159261  0.76  0.0159261  0.951394  0  
