@ feature_folders/CIZTIP_clean/zeo++/CIZTIP_clean_sa.txt Unitcell_volume: 3490.41   Density: 1.51301   ASA_A^2: 0 ASA_m^2/cm^3: 0 ASA_m^2/g: 0 NASA_A^2: 80.0516 NASA_m^2/cm^3: 229.348 NASA_m^2/g: 151.584
Number_of_channels: 0 Channel_surface_area_A^2: 
Number_of_pockets: 12 Pocket_surface_area_A^2: 8.21154  5.57926  6.26996  8.50569  5.50135  8.57243  6.11432  5.19202  6.20201  8.88574  5.80034  5.21698  
