@ feature_folders/QUVFAP_clean/zeo++/QUVFAP_clean_sa.txt Unitcell_volume: 2751.35   Density: 2.16   ASA_A^2: 0 ASA_m^2/cm^3: 0 ASA_m^2/g: 0 NASA_A^2: 8.64805 NASA_m^2/cm^3: 31.432 NASA_m^2/g: 14.5518
Number_of_channels: 0 Channel_surface_area_A^2: 
Number_of_pockets: 8 Pocket_surface_area_A^2: 1.94626  0.164259  2.09992  0.117095  2.09061  0.13117  1.99101  0.107729  
