@ feature_folders/BOXYIY_clean/zeo++/BOXYIY_clean_sa.txt Unitcell_volume: 1304.41   Density: 1.58321   ASA_A^2: 30.3234 ASA_m^2/cm^3: 232.469 ASA_m^2/g: 146.834 NASA_A^2: 10.6764 NASA_m^2/cm^3: 81.8488 NASA_m^2/g: 51.6979
Number_of_channels: 1 Channel_surface_area_A^2: 30.3234  
Number_of_pockets: 2 Pocket_surface_area_A^2: 5.36143  5.31498  
