@ feature_folders/KANDIO_clean/zeo++/KANDIO_clean_sa.txt Unitcell_volume: 2069.43   Density: 1.16715   ASA_A^2: 170.19 ASA_m^2/cm^3: 822.398 ASA_m^2/g: 704.619 NASA_A^2: 0.837925 NASA_m^2/cm^3: 4.04906 NASA_m^2/g: 3.46917
Number_of_channels: 1 Channel_surface_area_A^2: 170.19  
Number_of_pockets: 2 Pocket_surface_area_A^2: 0.469714  0.368211  
