@ feature_folders/LIPQIL_clean/zeo++/LIPQIL_clean_sa.txt Unitcell_volume: 4727.75   Density: 0.906314   ASA_A^2: 0 ASA_m^2/cm^3: 0 ASA_m^2/g: 0 NASA_A^2: 625.646 NASA_m^2/cm^3: 1323.35 NASA_m^2/g: 1460.14
Number_of_channels: 0 Channel_surface_area_A^2: 
Number_of_pockets: 7 Pocket_surface_area_A^2: 621.427  0.815627  0.661356  0.621648  0.85746  0.576949  0.685352  
