@ feature_folders/PUFXUL_clean/zeo++/PUFXUL_clean_sa.txt Unitcell_volume: 2903.48   Density: 1.24643   ASA_A^2: 0 ASA_m^2/cm^3: 0 ASA_m^2/g: 0 NASA_A^2: 63.5404 NASA_m^2/cm^3: 218.842 NASA_m^2/g: 175.575
Number_of_channels: 0 Channel_surface_area_A^2: 
Number_of_pockets: 6 Pocket_surface_area_A^2: 24.5811  4.17363  24.0915  3.18262  3.30707  4.20452  
