@ feature_folders/ODEZAB_clean/zeo++/ODEZAB_clean_sa.txt Unitcell_volume: 3986.77   Density: 0.799101   ASA_A^2: 719.705 ASA_m^2/cm^3: 1805.23 ASA_m^2/g: 2259.08 NASA_A^2: 0.098423 NASA_m^2/cm^3: 0.246874 NASA_m^2/g: 0.308939
Number_of_channels: 1 Channel_surface_area_A^2: 719.705  
Number_of_pockets: 1 Pocket_surface_area_A^2: 0.098423  
