@ feature_folders/EDOVIE/zeo++/EDOVIE_sa.txt Unitcell_volume: 6018.01   Density: 1.54505   ASA_A^2: 0 ASA_m^2/cm^3: 0 ASA_m^2/g: 0 NASA_A^2: 564.115 NASA_m^2/cm^3: 937.378 NASA_m^2/g: 606.696
Number_of_channels: 0 Channel_surface_area_A^2: 
Number_of_pockets: 7 Pocket_surface_area_A^2: 90.5784  97.6576  97.8192  97.1467  91.6154  89.2358  0.0621347  
