@ feature_folders/EXALIZ_clean/zeo++/EXALIZ_clean_sa.txt Unitcell_volume: 3121.93   Density: 1.52305   ASA_A^2: 317.231 ASA_m^2/cm^3: 1016.14 ASA_m^2/g: 667.176 NASA_A^2: 0.0143563 NASA_m^2/cm^3: 0.0459855 NASA_m^2/g: 0.0301931
Number_of_channels: 1 Channel_surface_area_A^2: 317.231  
Number_of_pockets: 2 Pocket_surface_area_A^2: 0.0143563  0  
