@ feature_folders/GINTAA01/zeo++/GINTAA01_sa.txt Unitcell_volume: 2115.95   Density: 1.36169   ASA_A^2: 0 ASA_m^2/cm^3: 0 ASA_m^2/g: 0 NASA_A^2: 0.25236 NASA_m^2/cm^3: 1.19266 NASA_m^2/g: 0.87587
Number_of_channels: 0 Channel_surface_area_A^2: 
Number_of_pockets: 4 Pocket_surface_area_A^2: 0.0774464  0.0412183  0.0924773  0.0412183  
