@ feature_folders/OGURAK_charged/zeo++/OGURAK_charged_sa.txt Unitcell_volume: 1786.04   Density: 0.968985   ASA_A^2: 303.472 ASA_m^2/cm^3: 1699.13 ASA_m^2/g: 1753.52 NASA_A^2: 0.0328077 NASA_m^2/cm^3: 0.183689 NASA_m^2/g: 0.189569
Number_of_channels: 1 Channel_surface_area_A^2: 303.472  
Number_of_pockets: 1 Pocket_surface_area_A^2: 0.0328077  
