@ feature_folders/QEWDON_clean/zeo++/QEWDON_clean_sa.txt Unitcell_volume: 8081.67   Density: 1.41693   ASA_A^2: 708.454 ASA_m^2/cm^3: 876.618 ASA_m^2/g: 618.676 NASA_A^2: 12.4224 NASA_m^2/cm^3: 15.371 NASA_m^2/g: 10.8482
Number_of_channels: 2 Channel_surface_area_A^2: 354.07  354.384  
Number_of_pockets: 8 Pocket_surface_area_A^2: 0.0955567  3.28078  0.0318522  2.99411  0.0637045  0.111483  2.73929  3.10559  
