@ feature_folders/GUBKUL_clean/zeo++/GUBKUL_clean_sa.txt Unitcell_volume: 3004.35   Density: 1.65394   ASA_A^2: 313.734 ASA_m^2/cm^3: 1044.27 ASA_m^2/g: 631.382 NASA_A^2: 0.729493 NASA_m^2/cm^3: 2.42813 NASA_m^2/g: 1.46809
Number_of_channels: 1 Channel_surface_area_A^2: 313.734  
Number_of_pockets: 4 Pocket_surface_area_A^2: 0.128294  0.165741  0.209152  0.226306  
