@ feature_folders/AMEJOS/zeo++/AMEJOS_sa.txt Unitcell_volume: 3203.55   Density: 1.34994   ASA_A^2: 0 ASA_m^2/cm^3: 0 ASA_m^2/g: 0 NASA_A^2: 112.331 NASA_m^2/cm^3: 350.646 NASA_m^2/g: 259.749
Number_of_channels: 0 Channel_surface_area_A^2: 
Number_of_pockets: 6 Pocket_surface_area_A^2: 56.4526  0.0328077  0.0109359  55.7799  0.0109359  0.0437435  
