@ feature_folders/DITYOW_clean/zeo++/DITYOW_clean_sa.txt Unitcell_volume: 1478.48   Density: 1.42734   ASA_A^2: 55.6603 ASA_m^2/cm^3: 376.47 ASA_m^2/g: 263.756 NASA_A^2: 5.64292 NASA_m^2/cm^3: 38.167 NASA_m^2/g: 26.74
Number_of_channels: 2 Channel_surface_area_A^2: 28.7542  26.9061  
Number_of_pockets: 2 Pocket_surface_area_A^2: 2.76678  2.87614  
