@ feature_folders/FAGXOD_clean/zeo++/FAGXOD_clean_sa.txt Unitcell_volume: 5016.81   Density: 1.1246   ASA_A^2: 0 ASA_m^2/cm^3: 0 ASA_m^2/g: 0 NASA_A^2: 196.406 NASA_m^2/cm^3: 391.495 NASA_m^2/g: 348.121
Number_of_channels: 0 Channel_surface_area_A^2: 
Number_of_pockets: 20 Pocket_surface_area_A^2: 2.01195  0.0555746  44.4047  2.61565  45.5207  0.122366  2.237  2.22606  2.06074  0.101783  1.8459  0.074026  44.497  0.23256  0.140537  43.9415  2.1618  1.93703  0.0683612  0.150517  
