@ feature_folders/SUJQOE_clean/zeo++/SUJQOE_clean_sa.txt Unitcell_volume: 4276.98   Density: 1.20423   ASA_A^2: 0 ASA_m^2/cm^3: 0 ASA_m^2/g: 0 NASA_A^2: 23.4192 NASA_m^2/cm^3: 54.7564 NASA_m^2/g: 45.4702
Number_of_channels: 0 Channel_surface_area_A^2: 
Number_of_pockets: 24 Pocket_surface_area_A^2: 1.21038  1.75835  1.48113  0.0159261  1.76429  1.59219  1.90168  1.33779  1.27409  0.0796306  0.0318522  0  1.13075  0.0159261  1.38557  0.0477783  1.37612  1.0352  1.46361  1.56628  0.0637045  1.64474  1.22631  0.0159261  
