@ feature_folders/OKIYAJ01_clean/zeo++/OKIYAJ01_clean_sa.txt Unitcell_volume: 5500.55   Density: 1.07871   ASA_A^2: 390.719 ASA_m^2/cm^3: 710.327 ASA_m^2/g: 658.495 NASA_A^2: 21.7017 NASA_m^2/cm^3: 39.4537 NASA_m^2/g: 36.5748
Number_of_channels: 1 Channel_surface_area_A^2: 390.719  
Number_of_pockets: 4 Pocket_surface_area_A^2: 5.47706  5.11154  5.66796  5.44511  
