@ feature_folders/COTVIS_clean/zeo++/COTVIS_clean_sa.txt Unitcell_volume: 4562.38   Density: 1.27812   ASA_A^2: 0 ASA_m^2/cm^3: 0 ASA_m^2/g: 0 NASA_A^2: 309.526 NASA_m^2/cm^3: 678.43 NASA_m^2/g: 530.802
Number_of_channels: 0 Channel_surface_area_A^2: 
Number_of_pockets: 6 Pocket_surface_area_A^2: 150.239  150.41  2.23744  2.06773  2.07902  2.49278  
