@ feature_folders/FIVZEQ/zeo++/FIVZEQ_sa.txt Unitcell_volume: 7952.36   Density: 1.03748   ASA_A^2: 0 ASA_m^2/cm^3: 0 ASA_m^2/g: 0 NASA_A^2: 819.618 NASA_m^2/cm^3: 1030.66 NASA_m^2/g: 993.421
Number_of_channels: 0 Channel_surface_area_A^2: 
Number_of_pockets: 8 Pocket_surface_area_A^2: 467.284  1.16956  114.963  116.87  1.18072  115.55  1.39826  1.20169  
