@ feature_folders/HUYKAN_clean/zeo++/HUYKAN_clean_sa.txt Unitcell_volume: 8366.99   Density: 0.912205   ASA_A^2: 843.263 ASA_m^2/cm^3: 1007.84 ASA_m^2/g: 1104.84 NASA_A^2: 72.7104 NASA_m^2/cm^3: 86.9015 NASA_m^2/g: 95.2652
Number_of_channels: 1 Channel_surface_area_A^2: 843.263  
Number_of_pockets: 6 Pocket_surface_area_A^2: 35.0276  0.700749  0.652971  0.844084  0.796306  34.6886  
