@ feature_folders/POXHER/zeo++/POXHER_sa.txt Unitcell_volume: 38905.1   Density: 0.809245   ASA_A^2: 5314.1 ASA_m^2/cm^3: 1365.91 ASA_m^2/g: 1687.88 NASA_A^2: 56.3141 NASA_m^2/cm^3: 14.4747 NASA_m^2/g: 17.8867
Number_of_channels: 1 Channel_surface_area_A^2: 5314.1  
Number_of_pockets: 8 Pocket_surface_area_A^2: 7.36816  6.84015  7.14736  7.10603  7.14977  6.59869  6.83984  7.26407  
