@ feature_folders/HEZKIH_clean/zeo++/HEZKIH_clean_sa.txt Unitcell_volume: 2818.72   Density: 1.27975   ASA_A^2: 0 ASA_m^2/cm^3: 0 ASA_m^2/g: 0 NASA_A^2: 115.591 NASA_m^2/cm^3: 410.085 NASA_m^2/g: 320.441
Number_of_channels: 0 Channel_surface_area_A^2: 
Number_of_pockets: 8 Pocket_surface_area_A^2: 12.7522  12.3456  55.4994  32.5386  0.0362281  0.0580999  1.16281  1.19837  
