@ feature_folders/FOVPUD_clean/zeo++/FOVPUD_clean_sa.txt Unitcell_volume: 4739.54   Density: 1.33896   ASA_A^2: 0 ASA_m^2/cm^3: 0 ASA_m^2/g: 0 NASA_A^2: 239.967 NASA_m^2/cm^3: 506.309 NASA_m^2/g: 378.135
Number_of_channels: 0 Channel_surface_area_A^2: 
Number_of_pockets: 8 Pocket_surface_area_A^2: 3.42293  57.3163  55.6098  3.20421  56.9176  3.70726  56.1477  3.64165  
