@ feature_folders/IGUCET_clean/zeo++/IGUCET_clean_sa.txt Unitcell_volume: 2566.87   Density: 2.07477   ASA_A^2: 0 ASA_m^2/cm^3: 0 ASA_m^2/g: 0 NASA_A^2: 38.9344 NASA_m^2/cm^3: 151.68 NASA_m^2/g: 73.1068
Number_of_channels: 0 Channel_surface_area_A^2: 
Number_of_pockets: 12 Pocket_surface_area_A^2: 9.87715  6.44599  0.358908  1.0193  0.54554  0.990586  0.54554  9.84844  6.5752  1.13415  1.19157  0.401977  
