@ feature_folders/OLOPEM_clean/zeo++/OLOPEM_clean_sa.txt Unitcell_volume: 2493.31   Density: 1.17415   ASA_A^2: 104.374 ASA_m^2/cm^3: 418.614 ASA_m^2/g: 356.525 NASA_A^2: 20.0677 NASA_m^2/cm^3: 80.4862 NASA_m^2/g: 68.5484
Number_of_channels: 2 Channel_surface_area_A^2: 53.1659  51.2078  
Number_of_pockets: 2 Pocket_surface_area_A^2: 9.95318  10.1146  
