@ feature_folders/GARLAP_clean/zeo++/GARLAP_clean_sa.txt Unitcell_volume: 3415.41   Density: 1.1363   ASA_A^2: 367.222 ASA_m^2/cm^3: 1075.19 ASA_m^2/g: 946.22 NASA_A^2: 1.30594 NASA_m^2/cm^3: 3.82367 NASA_m^2/g: 3.36501
Number_of_channels: 1 Channel_surface_area_A^2: 367.222  
Number_of_pockets: 4 Pocket_surface_area_A^2: 0.382227  0.254818  0.254818  0.414079  
