@ feature_folders/PIGXAF/zeo++/PIGXAF_sa.txt Unitcell_volume: 3175.11   Density: 2.16298   ASA_A^2: 0 ASA_m^2/cm^3: 0 ASA_m^2/g: 0 NASA_A^2: 55.5956 NASA_m^2/cm^3: 175.098 NASA_m^2/g: 80.9522
Number_of_channels: 0 Channel_surface_area_A^2: 
Number_of_pockets: 14 Pocket_surface_area_A^2: 6.89931  1.76537  1.82594  6.62677  1.86744  6.9776  1.82908  1.73823  6.82416  1.74788  6.64898  7.08438  1.72881  2.03163  
