@ feature_folders/ABEXEN_clean/zeo++/ABEXEN_clean_sa.txt Unitcell_volume: 15518   Density: 0.674371   ASA_A^2: 2463.83 ASA_m^2/cm^3: 1587.72 ASA_m^2/g: 2354.37 NASA_A^2: 1.62226 NASA_m^2/cm^3: 1.04541 NASA_m^2/g: 1.5502
Number_of_channels: 1 Channel_surface_area_A^2: 2463.83  
Number_of_pockets: 4 Pocket_surface_area_A^2: 0.401977  0.301483  0.531184  0.387621  
