@ feature_folders/QIPROY_clean/zeo++/QIPROY_clean_sa.txt Unitcell_volume: 2123.87   Density: 0.794412   ASA_A^2: 0 ASA_m^2/cm^3: 0 ASA_m^2/g: 0 NASA_A^2: 251.525 NASA_m^2/cm^3: 1184.28 NASA_m^2/g: 1490.76
Number_of_channels: 0 Channel_surface_area_A^2: 
Number_of_pockets: 8 Pocket_surface_area_A^2: 71.0461  49.4822  2.69585  2.92791  48.8933  2.84239  70.9678  2.66995  
