@ feature_folders/GUVCIJ/zeo++/GUVCIJ_sa.txt Unitcell_volume: 2560.78   Density: 1.50163   ASA_A^2: 0 ASA_m^2/cm^3: 0 ASA_m^2/g: 0 NASA_A^2: 147.939 NASA_m^2/cm^3: 577.71 NASA_m^2/g: 384.722
Number_of_channels: 0 Channel_surface_area_A^2: 
Number_of_pockets: 10 Pocket_surface_area_A^2: 71.601  73.8651  0  0.66566  0  0.57083  0.685961  0.550082  0  0  
