@ feature_folders/PIGHIX01_clean/zeo++/PIGHIX01_clean_sa.txt Unitcell_volume: 5283.39   Density: 1.27158   ASA_A^2: 0 ASA_m^2/cm^3: 0 ASA_m^2/g: 0 NASA_A^2: 163.727 NASA_m^2/cm^3: 309.89 NASA_m^2/g: 243.705
Number_of_channels: 0 Channel_surface_area_A^2: 
Number_of_pockets: 12 Pocket_surface_area_A^2: 34.6168  3.43132  34.1076  33.7791  3.57148  3.03615  3.17884  3.20443  3.33906  34.785  3.34469  3.33237  
