@ feature_folders/GIKQIC_clean/zeo++/GIKQIC_clean_sa.txt Unitcell_volume: 1810.82   Density: 1.63861   ASA_A^2: 0 ASA_m^2/cm^3: 0 ASA_m^2/g: 0 NASA_A^2: 0.222342 NASA_m^2/cm^3: 1.22785 NASA_m^2/g: 0.749326
Number_of_channels: 0 Channel_surface_area_A^2: 
Number_of_pockets: 12 Pocket_surface_area_A^2: 0.0146123  0  0  0.0159261  0.0414743  0  0.0146123  0.026862  0.0318522  0  0.0770029  0  
