@ feature_folders/AFOYAW_clean/zeo++/AFOYAW_clean_sa.txt Unitcell_volume: 2290.64   Density: 0.978122   ASA_A^2: 309.531 ASA_m^2/cm^3: 1351.29 ASA_m^2/g: 1381.51 NASA_A^2: 0.128364 NASA_m^2/cm^3: 0.560386 NASA_m^2/g: 0.57292
Number_of_channels: 1 Channel_surface_area_A^2: 309.531  
Number_of_pockets: 2 Pocket_surface_area_A^2: 0.0427881  0.0855762  
