@ feature_folders/INIXOT_clean/zeo++/INIXOT_clean_sa.txt Unitcell_volume: 1217.79   Density: 1.84127   ASA_A^2: 0 ASA_m^2/cm^3: 0 ASA_m^2/g: 0 NASA_A^2: 4.36432 NASA_m^2/cm^3: 35.838 NASA_m^2/g: 19.4637
Number_of_channels: 0 Channel_surface_area_A^2: 
Number_of_pockets: 6 Pocket_surface_area_A^2: 0.847023  0.559897  0.617322  0.789598  0.602966  0.947517  
