@ feature_folders/LEGGOU_clean/zeo++/LEGGOU_clean_sa.txt Unitcell_volume: 4423.38   Density: 1.63905   ASA_A^2: 0 ASA_m^2/cm^3: 0 ASA_m^2/g: 0 NASA_A^2: 41.3026 NASA_m^2/cm^3: 93.3734 NASA_m^2/g: 56.968
Number_of_channels: 0 Channel_surface_area_A^2: 
Number_of_pockets: 6 Pocket_surface_area_A^2: 16.973  1.66721  1.86545  17.1118  1.95108  1.734  
