@ feature_folders/EZABAJ_clean/zeo++/EZABAJ_clean_sa.txt Unitcell_volume: 1349.24   Density: 1.64895   ASA_A^2: 0 ASA_m^2/cm^3: 0 ASA_m^2/g: 0 NASA_A^2: 2.13715 NASA_m^2/cm^3: 15.8396 NASA_m^2/g: 9.60587
Number_of_channels: 0 Channel_surface_area_A^2: 
Number_of_pockets: 8 Pocket_surface_area_A^2: 0  0.428001  0.026862  0.580268  0.465484  0.636534  0  0  
