@ feature_folders/GUXSIC_clean/zeo++/GUXSIC_clean_sa.txt Unitcell_volume: 2062.08   Density: 1.60239   ASA_A^2: 0 ASA_m^2/cm^3: 0 ASA_m^2/g: 0 NASA_A^2: 128.033 NASA_m^2/cm^3: 620.894 NASA_m^2/g: 387.48
Number_of_channels: 0 Channel_surface_area_A^2: 
Number_of_pockets: 6 Pocket_surface_area_A^2: 58.7551  61.1512  2.05258  1.97666  2.15308  1.94475  
