@ feature_folders/NEVJEF_clean/zeo++/NEVJEF_clean_sa.txt Unitcell_volume: 4912.75   Density: 1.61189   ASA_A^2: 0 ASA_m^2/cm^3: 0 ASA_m^2/g: 0 NASA_A^2: 297.004 NASA_m^2/cm^3: 604.558 NASA_m^2/g: 375.061
Number_of_channels: 0 Channel_surface_area_A^2: 
Number_of_pockets: 6 Pocket_surface_area_A^2: 130.461  128.147  2.11817  16.7854  2.53225  16.9596  
