@ feature_folders/QOVSUR_clean/zeo++/QOVSUR_clean_sa.txt Unitcell_volume: 8907.6   Density: 1.29279   ASA_A^2: 0 ASA_m^2/cm^3: 0 ASA_m^2/g: 0 NASA_A^2: 507.445 NASA_m^2/cm^3: 569.677 NASA_m^2/g: 440.657
Number_of_channels: 0 Channel_surface_area_A^2: 
Number_of_pockets: 12 Pocket_surface_area_A^2: 86.3693  0.273397  85.5012  81.2299  0.295269  0.262461  85.669  85.2155  81.7822  0.289323  0.174974  0.382756  
