@ feature_folders/KOCCUC_clean/zeo++/KOCCUC_clean_sa.txt Unitcell_volume: 1973.29   Density: 1.04186   ASA_A^2: 250.56 ASA_m^2/cm^3: 1269.75 ASA_m^2/g: 1218.74 NASA_A^2: 0.221037 NASA_m^2/cm^3: 1.12014 NASA_m^2/g: 1.07514
Number_of_channels: 1 Channel_surface_area_A^2: 250.56  
Number_of_pockets: 4 Pocket_surface_area_A^2: 0.0477783  0.053724  0.0462086  0.0733265  
