@ feature_folders/OKILEA_clean/zeo++/OKILEA_clean_sa.txt Unitcell_volume: 2675.31   Density: 1.16036   ASA_A^2: 149.527 ASA_m^2/cm^3: 558.914 ASA_m^2/g: 481.674 NASA_A^2: 6.22045 NASA_m^2/cm^3: 23.2513 NASA_m^2/g: 20.038
Number_of_channels: 1 Channel_surface_area_A^2: 149.527  
Number_of_pockets: 6 Pocket_surface_area_A^2: 1.17895  1.2317  0.982193  0.950017  0.917852  0.959745  
