@ feature_folders/DUYREV_clean/zeo++/DUYREV_clean_sa.txt Unitcell_volume: 14161   Density: 3.41098   ASA_A^2: 0 ASA_m^2/cm^3: 0 ASA_m^2/g: 0 NASA_A^2: 593.996 NASA_m^2/cm^3: 419.459 NASA_m^2/g: 122.973
Number_of_channels: 0 Channel_surface_area_A^2: 
Number_of_pockets: 32 Pocket_surface_area_A^2: 0.104861  0.776583  0.924856  71.3917  1.0382  1.57724  72.8578  0.915209  0.100494  71.554  72.1673  0.945491  0.200989  1.49592  0.100494  1.30168  1.37657  1.45277  0.976002  0.864291  0.219712  1.39651  0.824361  1.39994  0.114851  0.090505  0.78937  0.100494  71.169  72.0662  73.216  70.4869  
