@ feature_folders/GEFZAU_clean/zeo++/GEFZAU_clean_sa.txt Unitcell_volume: 6258.15   Density: 0.991134   ASA_A^2: 703.07 ASA_m^2/cm^3: 1123.45 ASA_m^2/g: 1133.5 NASA_A^2: 0.161172 NASA_m^2/cm^3: 0.257539 NASA_m^2/g: 0.259843
Number_of_channels: 1 Channel_surface_area_A^2: 703.07  
Number_of_pockets: 6 Pocket_surface_area_A^2: 0.0159261  0.0427881  0.0218718  0.0427881  0.0159261  0.0218718  
