@ feature_folders/BOPHEV_clean/zeo++/BOPHEV_clean_sa.txt Unitcell_volume: 2528.43   Density: 1.35218   ASA_A^2: 0 ASA_m^2/cm^3: 0 ASA_m^2/g: 0 NASA_A^2: 16.5374 NASA_m^2/cm^3: 65.4057 NASA_m^2/g: 48.3707
Number_of_channels: 0 Channel_surface_area_A^2: 
Number_of_pockets: 8 Pocket_surface_area_A^2: 4.31317  0.0680803  0.0555746  4.30538  3.76225  3.88371  0.0827175  0.0665105  
