@ feature_folders/EBAVIP_clean/zeo++/EBAVIP_clean_sa.txt Unitcell_volume: 3564.19   Density: 1.20745   ASA_A^2: 0 ASA_m^2/cm^3: 0 ASA_m^2/g: 0 NASA_A^2: 224.187 NASA_m^2/cm^3: 629 NASA_m^2/g: 520.933
Number_of_channels: 0 Channel_surface_area_A^2: 
Number_of_pockets: 6 Pocket_surface_area_A^2: 111.992  0.0318522  112.051  0.0490058  0.0159261  0.0477783  
