@ feature_folders/VIVLAP_clean/zeo++/VIVLAP_clean_sa.txt Unitcell_volume: 1137.17   Density: 1.46364   ASA_A^2: 0 ASA_m^2/cm^3: 0 ASA_m^2/g: 0 NASA_A^2: 71.0373 NASA_m^2/cm^3: 624.684 NASA_m^2/g: 426.802
Number_of_channels: 0 Channel_surface_area_A^2: 
Number_of_pockets: 5 Pocket_surface_area_A^2: 67.2278  1.60694  2.18068  0.0109359  0.0109359  
