@ feature_folders/GUJREK_clean/zeo++/GUJREK_clean_sa.txt Unitcell_volume: 3285.99   Density: 1.23624   ASA_A^2: 272.052 ASA_m^2/cm^3: 827.916 ASA_m^2/g: 669.707 NASA_A^2: 3.60969 NASA_m^2/cm^3: 10.9851 NASA_m^2/g: 8.88592
Number_of_channels: 1 Channel_surface_area_A^2: 272.052  
Number_of_pockets: 4 Pocket_surface_area_A^2: 0.794498  0.707966  1.16059  0.946645  
