@ feature_folders/DOFREW/zeo++/DOFREW_sa.txt Unitcell_volume: 2300.48   Density: 1.7976   ASA_A^2: 0 ASA_m^2/cm^3: 0 ASA_m^2/g: 0 NASA_A^2: 53.9975 NASA_m^2/cm^3: 234.723 NASA_m^2/g: 130.576
Number_of_channels: 0 Channel_surface_area_A^2: 
Number_of_pockets: 6 Pocket_surface_area_A^2: 13.7256  12.9012  0.0656153  0.240589  13.2972  13.7672  
