@ feature_folders/MAQBEO_clean/zeo++/MAQBEO_clean_sa.txt Unitcell_volume: 4819.5   Density: 0.93614   ASA_A^2: 570.052 ASA_m^2/cm^3: 1182.8 ASA_m^2/g: 1263.49 NASA_A^2: 87.8664 NASA_m^2/cm^3: 182.314 NASA_m^2/g: 194.751
Number_of_channels: 1 Channel_surface_area_A^2: 570.052  
Number_of_pockets: 4 Pocket_surface_area_A^2: 0  83.7742  0  4.09213  
