@ feature_folders/QOSXOM_clean/zeo++/QOSXOM_clean_sa.txt Unitcell_volume: 20813   Density: 1.03996   ASA_A^2: 2292.81 ASA_m^2/cm^3: 1101.62 ASA_m^2/g: 1059.3 NASA_A^2: 38.5731 NASA_m^2/cm^3: 18.5332 NASA_m^2/g: 17.8211
Number_of_channels: 2 Channel_surface_area_A^2: 1147.3  1145.51  
Number_of_pockets: 4 Pocket_surface_area_A^2: 9.68308  9.55567  9.699  9.6353  
