@ feature_folders/XUZDUS_clean/zeo++/XUZDUS_clean_sa.txt Unitcell_volume: 5871.41   Density: 1.81943   ASA_A^2: 0 ASA_m^2/cm^3: 0 ASA_m^2/g: 0 NASA_A^2: 25.0687 NASA_m^2/cm^3: 42.6962 NASA_m^2/g: 23.4667
Number_of_channels: 0 Channel_surface_area_A^2: 
Number_of_pockets: 8 Pocket_surface_area_A^2: 3.13462  3.17415  3.24697  3.47403  2.95146  2.91133  2.93987  3.23624  
