@ feature_folders/ZIBRAD_clean/zeo++/ZIBRAD_clean_sa.txt Unitcell_volume: 3213.19   Density: 1.23131   ASA_A^2: 0 ASA_m^2/cm^3: 0 ASA_m^2/g: 0 NASA_A^2: 51.0468 NASA_m^2/cm^3: 158.866 NASA_m^2/g: 129.022
Number_of_channels: 0 Channel_surface_area_A^2: 
Number_of_pockets: 8 Pocket_surface_area_A^2: 2.74386  9.81365  2.5866  10.6343  2.25975  2.34774  10.319  10.3419  
