@ feature_folders/DONXUB_clean/zeo++/DONXUB_clean_sa.txt Unitcell_volume: 5743.85   Density: 1.44854   ASA_A^2: 212.893 ASA_m^2/cm^3: 370.646 ASA_m^2/g: 255.875 NASA_A^2: 57.175 NASA_m^2/cm^3: 99.5412 NASA_m^2/g: 68.7183
Number_of_channels: 2 Channel_surface_area_A^2: 106.358  106.536  
Number_of_pockets: 8 Pocket_surface_area_A^2: 7.7935  6.39545  8.04095  7.19203  6.15213  7.77223  6.36684  7.46187  
