@ feature_folders/LOLREL_clean/zeo++/LOLREL_clean_sa.txt Unitcell_volume: 6242.72   Density: 1.36486   ASA_A^2: 751.503 ASA_m^2/cm^3: 1203.81 ASA_m^2/g: 882.002 NASA_A^2: 19.5599 NASA_m^2/cm^3: 31.3324 NASA_m^2/g: 22.9566
Number_of_channels: 1 Channel_surface_area_A^2: 751.503  
Number_of_pockets: 4 Pocket_surface_area_A^2: 5.40993  4.68796  5.03694  4.42511  
