@ feature_folders/XAPGIH/zeo++/XAPGIH_sa.txt Unitcell_volume: 9614.79   Density: 2.417   ASA_A^2: 0 ASA_m^2/cm^3: 0 ASA_m^2/g: 0 NASA_A^2: 8.3202 NASA_m^2/cm^3: 8.65354 NASA_m^2/g: 3.58028
Number_of_channels: 0 Channel_surface_area_A^2: 
Number_of_pockets: 8 Pocket_surface_area_A^2: 1.06023  1.07829  0.994777  0.934493  0.946953  1.05805  0.941394  1.30601  
