@ feature_folders/QOHTOX_clean/zeo++/QOHTOX_clean_sa.txt Unitcell_volume: 4265.45   Density: 1.18737   ASA_A^2: 0 ASA_m^2/cm^3: 0 ASA_m^2/g: 0 NASA_A^2: 22.2114 NASA_m^2/cm^3: 52.0728 NASA_m^2/g: 43.8555
Number_of_channels: 0 Channel_surface_area_A^2: 
Number_of_pockets: 32 Pocket_surface_area_A^2: 1.86696  0.0159261  0.78038  2.04003  1.11483  0  1.63996  1.65185  0.987419  0.0477783  0  0.907789  0.0159261  0.0159261  0  0.0477783  0.875936  0.0318522  0.987419  0.0477783  1.05112  0  1.6887  1.84796  0  0.111483  1.54749  1.74242  1.11483  0  0  0.0318522  
