@ feature_folders/NAWWUG_clean/zeo++/NAWWUG_clean_sa.txt Unitcell_volume: 2480.58   Density: 1.11201   ASA_A^2: 241.263 ASA_m^2/cm^3: 972.607 ASA_m^2/g: 874.638 NASA_A^2: 12.7057 NASA_m^2/cm^3: 51.2209 NASA_m^2/g: 46.0615
Number_of_channels: 2 Channel_surface_area_A^2: 121.035  120.228  
Number_of_pockets: 12 Pocket_surface_area_A^2: 2.25747  0.675798  2.03854  0.680788  0.334448  0.509636  0.28667  0.350375  0.674843  2.08632  0.787281  2.02357  
