@ feature_folders/IZERAI_clean/zeo++/IZERAI_clean_sa.txt Unitcell_volume: 6709.57   Density: 0.624269   ASA_A^2: 748.395 ASA_m^2/cm^3: 1115.41 ASA_m^2/g: 1786.75 NASA_A^2: 74.3862 NASA_m^2/cm^3: 110.866 NASA_m^2/g: 177.593
Number_of_channels: 1 Channel_surface_area_A^2: 748.395  
Number_of_pockets: 5 Pocket_surface_area_A^2: 35.4123  1.08775  1.26698  1.08181  35.5374  
