@ feature_folders/KUTRIC_clean/zeo++/KUTRIC_clean_sa.txt Unitcell_volume: 5436.15   Density: 1.34985   ASA_A^2: 0 ASA_m^2/cm^3: 0 ASA_m^2/g: 0 NASA_A^2: 191.469 NASA_m^2/cm^3: 352.215 NASA_m^2/g: 260.929
Number_of_channels: 0 Channel_surface_area_A^2: 
Number_of_pockets: 20 Pocket_surface_area_A^2: 39.0138  2.73842  2.71274  6.07586  0.147097  0.047164  6.09982  0.0362281  0.359074  37.1609  39.3838  0.047164  38.7791  6.1751  5.97271  0.275067  0.0109359  0.291668  3.12666  3.01617  
