@ feature_folders/NABNIO/zeo++/NABNIO_sa.txt Unitcell_volume: 3941.75   Density: 1.20833   ASA_A^2: 0 ASA_m^2/cm^3: 0 ASA_m^2/g: 0 NASA_A^2: 57.8098 NASA_m^2/cm^3: 146.66 NASA_m^2/g: 121.375
Number_of_channels: 0 Channel_surface_area_A^2: 
Number_of_pockets: 14 Pocket_surface_area_A^2: 8.29894  4.31705  2.11072  1.93215  8.20111  8.43675  1.88107  1.98351  4.07245  8.69941  1.72589  1.9737  2.03763  2.13943  
