@ feature_folders/FUFTUX_clean/zeo++/FUFTUX_clean_sa.txt Unitcell_volume: 7179.77   Density: 1.36469   ASA_A^2: 0 ASA_m^2/cm^3: 0 ASA_m^2/g: 0 NASA_A^2: 65.3303 NASA_m^2/cm^3: 90.9922 NASA_m^2/g: 66.676
Number_of_channels: 0 Channel_surface_area_A^2: 
Number_of_pockets: 8 Pocket_surface_area_A^2: 0.0302824  17.4273  16.1649  0.0446388  0.0589951  15.4877  16.0256  0.0908473  
