@ feature_folders/EDOYOL_clean/zeo++/EDOYOL_clean_sa.txt Unitcell_volume: 2618.51   Density: 1.95196   ASA_A^2: 0 ASA_m^2/cm^3: 0 ASA_m^2/g: 0 NASA_A^2: 79.1132 NASA_m^2/cm^3: 302.13 NASA_m^2/g: 154.783
Number_of_channels: 0 Channel_surface_area_A^2: 
Number_of_pockets: 8 Pocket_surface_area_A^2: 5.42458  8.40015  14.55  12.0991  5.2167  11.7733  13.8291  7.82023  
