@ feature_folders/WAXJAJ_clean/zeo++/WAXJAJ_clean_sa.txt Unitcell_volume: 1409.66   Density: 1.42611   ASA_A^2: 0 ASA_m^2/cm^3: 0 ASA_m^2/g: 0 NASA_A^2: 17.8078 NASA_m^2/cm^3: 126.327 NASA_m^2/g: 88.5818
Number_of_channels: 0 Channel_surface_area_A^2: 
Number_of_pockets: 8 Pocket_surface_area_A^2: 3.94514  0.596316  3.65562  3.81853  0.618812  4.09354  0.592375  0.487461  
