@ feature_folders/HARNAR_clean/zeo++/HARNAR_clean_sa.txt Unitcell_volume: 4123.52   Density: 1.73333   ASA_A^2: 0 ASA_m^2/cm^3: 0 ASA_m^2/g: 0 NASA_A^2: 14.1469 NASA_m^2/cm^3: 34.3079 NASA_m^2/g: 19.793
Number_of_channels: 0 Channel_surface_area_A^2: 
Number_of_pockets: 16 Pocket_surface_area_A^2: 2.50668  2.20293  1.87083  0.736847  0.492837  0.799042  0.112779  0.47663  0.157418  0.308951  0.0924773  0.968572  0.816144  2.08943  0.127136  0.388248  
