@ feature_folders/LUKRUE_clean_h/zeo++/LUKRUE_clean_h_sa.txt Unitcell_volume: 2830.23   Density: 1.36623   ASA_A^2: 0 ASA_m^2/cm^3: 0 ASA_m^2/g: 0 NASA_A^2: 2.00204 NASA_m^2/cm^3: 7.07377 NASA_m^2/g: 5.17759
Number_of_channels: 0 Channel_surface_area_A^2: 
Number_of_pockets: 7 Pocket_surface_area_A^2: 0.287625  0.203005  0  0.0939869  0.0637045  1.35372  0  
