@ feature_folders/FECXAO_clean/zeo++/FECXAO_clean_sa.txt Unitcell_volume: 5782.52   Density: 0.989543   ASA_A^2: 791.74 ASA_m^2/cm^3: 1369.19 ASA_m^2/g: 1383.66 NASA_A^2: 14.0224 NASA_m^2/cm^3: 24.2496 NASA_m^2/g: 24.5058
Number_of_channels: 1 Channel_surface_area_A^2: 791.74  
Number_of_pockets: 6 Pocket_surface_area_A^2: 2.26437  2.36683  2.26246  2.38105  2.42649  2.32117  
