@ feature_folders/PUWCOZ/zeo++/PUWCOZ_sa.txt Unitcell_volume: 2157.38   Density: 1.36589   ASA_A^2: 0 ASA_m^2/cm^3: 0 ASA_m^2/g: 0 NASA_A^2: 42.6367 NASA_m^2/cm^3: 197.632 NASA_m^2/g: 144.691
Number_of_channels: 0 Channel_surface_area_A^2: 
Number_of_pockets: 8 Pocket_surface_area_A^2: 7.39486  7.17542  3.63933  3.14774  7.50499  6.97241  3.36953  3.4324  
