@ feature_folders/MOXKAN_clean/zeo++/MOXKAN_clean_sa.txt Unitcell_volume: 7287.41   Density: 1.49263   ASA_A^2: 168.242 ASA_m^2/cm^3: 230.867 ASA_m^2/g: 154.672 NASA_A^2: 122.722 NASA_m^2/cm^3: 168.403 NASA_m^2/g: 112.823
Number_of_channels: 2 Channel_surface_area_A^2: 84.6625  83.58  
Number_of_pockets: 10 Pocket_surface_area_A^2: 37.8333  10.4554  0.108403  10.8772  0.123374  38.6569  0.128364  0.112438  12.2832  12.1433  
