@ feature_folders/MIMJEX/zeo++/MIMJEX_sa.txt Unitcell_volume: 4286.96   Density: 1.31301   ASA_A^2: 0 ASA_m^2/cm^3: 0 ASA_m^2/g: 0 NASA_A^2: 79.64 NASA_m^2/cm^3: 185.773 NASA_m^2/g: 141.486
Number_of_channels: 0 Channel_surface_area_A^2: 
Number_of_pockets: 12 Pocket_surface_area_A^2: 4.43955  15.2926  0  15.439  16.2789  4.29929  0  3.93438  15.6375  4.31883  0  0  
