@ feature_folders/RAVFIF_clean/zeo++/RAVFIF_clean_sa.txt Unitcell_volume: 3902.34   Density: 1.74731   ASA_A^2: 0 ASA_m^2/cm^3: 0 ASA_m^2/g: 0 NASA_A^2: 34.7151 NASA_m^2/cm^3: 88.9596 NASA_m^2/g: 50.9123
Number_of_channels: 0 Channel_surface_area_A^2: 
Number_of_pockets: 12 Pocket_surface_area_A^2: 0  4.03698  4.51656  4.10742  4.62693  0  4.3176  4.44321  4.31401  4.35237  0  0  
