@ feature_folders/DUYROF_clean/zeo++/DUYROF_clean_sa.txt Unitcell_volume: 14400.8   Density: 3.36341   ASA_A^2: 596.211 ASA_m^2/cm^3: 414.013 ASA_m^2/g: 123.093 NASA_A^2: 29.7395 NASA_m^2/cm^3: 20.6513 NASA_m^2/g: 6.14001
Number_of_channels: 4 Channel_surface_area_A^2: 150.809  149.334  146.368  149.7  
Number_of_pockets: 32 Pocket_surface_area_A^2: 1.21803  1.1559  0.143563  2.27086  0  1.19874  2.07577  0.133574  0.291494  1.30708  0.0287126  2.26123  0  2.26973  0.100494  0.0143563  2.05894  2.47382  0.215345  1.08098  1.10632  0.0143563  0.0143563  1.13683  0.18101  0  1.29766  0.199733  0.0143563  2.56829  0.344552  2.5634  
