@ feature_folders/mil-100-cr/zeo++/mil-100-cr_sa.txt Unitcell_volume: 96877.8   Density: 0.705418   ASA_A^2: 13032 ASA_m^2/cm^3: 1345.2 ASA_m^2/g: 1906.96 NASA_A^2: 347.874 NASA_m^2/cm^3: 35.9086 NASA_m^2/g: 50.904
Number_of_channels: 1 Channel_surface_area_A^2: 13032  
Number_of_pockets: 34 Pocket_surface_area_A^2: 1.62446  15.7987  16.0057  9.49196  9.53974  8.87085  8.77529  8.91862  9.28493  15.1457  15.4006  9.66715  9.52382  9.07789  9.09381  8.83899  8.9664  9.10974  9.10974  8.98233  8.72751  9.01418  9.34863  8.99826  9.46011  8.88677  15.3687  16.0535  9.49196  14.8272  10.0175  9.25307  1.52891  15.6713  
