@ feature_folders/mil-100-fe/zeo++/mil-100-fe_sa.txt Unitcell_volume: 96877.8   Density: 0.718877   ASA_A^2: 13061 ASA_m^2/cm^3: 1348.19 ASA_m^2/g: 1875.42 NASA_A^2: 349.594 NASA_m^2/cm^3: 36.0861 NASA_m^2/g: 50.1979
Number_of_channels: 1 Channel_surface_area_A^2: 13061  
Number_of_pockets: 34 Pocket_surface_area_A^2: 1.84743  15.4643  15.5439  9.74678  9.28493  9.3327  8.91862  9.58752  9.68308  15.4006  15.6394  9.61937  9.18937  9.17344  9.03011  8.83899  8.50455  8.36121  9.25307  8.9664  9.20529  9.61937  8.61603  9.36456  9.17344  9.82641  16.0854  15.6872  9.66715  14.9228  9.17344  9.31678  1.87928  15.6713  
