@ feature_folders/DOQRUY_clean/zeo++/DOQRUY_clean_sa.txt Unitcell_volume: 5862.04   Density: 1.36131   ASA_A^2: 0 ASA_m^2/cm^3: 0 ASA_m^2/g: 0 NASA_A^2: 173.513 NASA_m^2/cm^3: 295.995 NASA_m^2/g: 217.433
Number_of_channels: 0 Channel_surface_area_A^2: 
Number_of_pockets: 12 Pocket_surface_area_A^2: 38.3801  38.0662  4.26693  39.3333  0.673729  0.613839  4.14052  37.9633  0.781904  0.605428  4.48031  4.20777  
