@ feature_folders/SUVZUG_clean/zeo++/SUVZUG_clean_sa.txt Unitcell_volume: 2400.01   Density: 1.62871   ASA_A^2: 0 ASA_m^2/cm^3: 0 ASA_m^2/g: 0 NASA_A^2: 73.8857 NASA_m^2/cm^3: 307.856 NASA_m^2/g: 189.018
Number_of_channels: 0 Channel_surface_area_A^2: 
Number_of_pockets: 6 Pocket_surface_area_A^2: 5.05377  28.2904  1.09625  33.6353  4.59636  1.21368  
