@ feature_folders/GAQKOB_clean/zeo++/GAQKOB_clean_sa.txt Unitcell_volume: 2052.37   Density: 1.34541   ASA_A^2: 0 ASA_m^2/cm^3: 0 ASA_m^2/g: 0 NASA_A^2: 4.6557 NASA_m^2/cm^3: 22.6845 NASA_m^2/g: 16.8607
Number_of_channels: 0 Channel_surface_area_A^2: 
Number_of_pockets: 14 Pocket_surface_area_A^2: 0.0724562  0.24558  0.0109359  0.0218718  1.68317  0.31024  0.0109359  0  0  0.0252922  0.322131  1.56192  0.365874  0.0252922  
