@ feature_folders/XAVQIU01_clean/zeo++/XAVQIU01_clean_sa.txt Unitcell_volume: 1680.02   Density: 1.16836   ASA_A^2: 0 ASA_m^2/cm^3: 0 ASA_m^2/g: 0 NASA_A^2: 29.5196 NASA_m^2/cm^3: 175.71 NASA_m^2/g: 150.39
Number_of_channels: 0 Channel_surface_area_A^2: 
Number_of_pockets: 12 Pocket_surface_area_A^2: 6.37851  6.62784  0.407165  0.577263  0.475814  0.388705  6.30295  0.614256  0.437973  6.30112  0.541256  0.466747  
