@ feature_folders/BOHWUS/zeo++/BOHWUS_sa.txt Unitcell_volume: 10789.1   Density: 1.29636   ASA_A^2: 1298.21 ASA_m^2/cm^3: 1203.26 ASA_m^2/g: 928.186 NASA_A^2: 10.9572 NASA_m^2/cm^3: 10.1558 NASA_m^2/g: 7.8341
Number_of_channels: 1 Channel_surface_area_A^2: 1298.21  
Number_of_pockets: 2 Pocket_surface_area_A^2: 5.35117  5.60599  
