@ feature_folders/MOQNUB_clean/zeo++/MOQNUB_clean_sa.txt Unitcell_volume: 1961.13   Density: 1.61589   ASA_A^2: 0 ASA_m^2/cm^3: 0 ASA_m^2/g: 0 NASA_A^2: 26.3295 NASA_m^2/cm^3: 134.257 NASA_m^2/g: 83.0853
Number_of_channels: 0 Channel_surface_area_A^2: 
Number_of_pockets: 8 Pocket_surface_area_A^2: 3.15839  3.33067  3.37374  3.31631  3.33067  3.37374  3.30195  3.14404  
