@ feature_folders/XOLGEM_clean/zeo++/XOLGEM_clean_sa.txt Unitcell_volume: 6907.08   Density: 1.12561   ASA_A^2: 0 ASA_m^2/cm^3: 0 ASA_m^2/g: 0 NASA_A^2: 557.024 NASA_m^2/cm^3: 806.453 NASA_m^2/g: 716.457
Number_of_channels: 0 Channel_surface_area_A^2: 
Number_of_pockets: 14 Pocket_surface_area_A^2: 236.381  11.3875  6.54631  11.356  12.0451  235.854  0.559897  11.8773  0.602966  11.3277  6.50247  11.7506  0.445046  0.387621  
