@ feature_folders/AYUJIP_clean/zeo++/AYUJIP_clean_sa.txt Unitcell_volume: 9390.12   Density: 1.08786   ASA_A^2: 1212.96 ASA_m^2/cm^3: 1291.75 ASA_m^2/g: 1187.42 NASA_A^2: 21.6741 NASA_m^2/cm^3: 23.0818 NASA_m^2/g: 21.2177
Number_of_channels: 1 Channel_surface_area_A^2: 1212.96  
Number_of_pockets: 12 Pocket_surface_area_A^2: 3.77254  0  3.53766  0.0109359  0  3.70748  0  3.30063  4.05791  3.26822  0.0187234  0  
