@ feature_folders/QABKIQ_clean/zeo++/QABKIQ_clean_sa.txt Unitcell_volume: 1183.85   Density: 0.950962   ASA_A^2: 0 ASA_m^2/cm^3: 0 ASA_m^2/g: 0 NASA_A^2: 45.1705 NASA_m^2/cm^3: 381.556 NASA_m^2/g: 401.232
Number_of_channels: 0 Channel_surface_area_A^2: 
Number_of_pockets: 10 Pocket_surface_area_A^2: 4.61118  4.16459  4.54482  3.83213  4.12676  3.97546  4.53951  4.21435  5.64356  5.51815  
