@ feature_folders/mil-140a/zeo++/mil-140a_sa.txt Unitcell_volume: 2081.78   Density: 1.73148   ASA_A^2: 0 ASA_m^2/cm^3: 0 ASA_m^2/g: 0 NASA_A^2: 2.04342 NASA_m^2/cm^3: 9.81576 NASA_m^2/g: 5.66901
Number_of_channels: 0 Channel_surface_area_A^2: 
Number_of_pockets: 8 Pocket_surface_area_A^2: 0.240803  0.285502  0.20396  0.310453  0.280511  0.262674  0.302383  0.157137  
