@ feature_folders/ZIJVAR_clean/zeo++/ZIJVAR_clean_sa.txt Unitcell_volume: 3265.16   Density: 1.45241   ASA_A^2: 0 ASA_m^2/cm^3: 0 ASA_m^2/g: 0 NASA_A^2: 0.138626 NASA_m^2/cm^3: 0.42456 NASA_m^2/g: 0.292313
Number_of_channels: 0 Channel_surface_area_A^2: 
Number_of_pockets: 4 Pocket_surface_area_A^2: 0.0143563  0.0621347  0.0462086  0.0159261  
