@ feature_folders/IXEJOL_clean/zeo++/IXEJOL_clean_sa.txt Unitcell_volume: 10679.3   Density: 1.8094   ASA_A^2: 865.677 ASA_m^2/cm^3: 810.608 ASA_m^2/g: 447.998 NASA_A^2: 91.1673 NASA_m^2/cm^3: 85.3678 NASA_m^2/g: 47.1801
Number_of_channels: 4 Channel_surface_area_A^2: 213.424  216.976  217.552  217.725  
Number_of_pockets: 22 Pocket_surface_area_A^2: 2.29767  5.78858  4.58961  17.9885  0  6.1679  0  2.77097  5.38301  6.21354  0.0109359  18.4048  2.62113  0  2.88111  5.93811  5.03234  0  0  5.0791  0  0  
