@ feature_folders/Zn-MOF-508-72/zeo++/Zn-MOF-508-72_sa.txt Unitcell_volume: 1647.72   Density: 1.23997   ASA_A^2: 64.4676 ASA_m^2/cm^3: 391.254 ASA_m^2/g: 315.534 NASA_A^2: 25.1506 NASA_m^2/cm^3: 152.639 NASA_m^2/g: 123.099
Number_of_channels: 1 Channel_surface_area_A^2: 64.4676  
Number_of_pockets: 2 Pocket_surface_area_A^2: 9.71907  15.4316  
