@ feature_folders/SIFSIX-2-Cu-i/zeo++/SIFSIX-2-Cu-i_sa.txt Unitcell_volume: 1507.52   Density: 1.24699   ASA_A^2: 0 ASA_m^2/cm^3: 0 ASA_m^2/g: 0 NASA_A^2: 3.51568 NASA_m^2/cm^3: 23.321 NASA_m^2/g: 18.7018
Number_of_channels: 0 Channel_surface_area_A^2: 
Number_of_pockets: 8 Pocket_surface_area_A^2: 0.50167  0.579309  0.453892  0.459866  0.362318  0.461857  0.346392  0.350375  
