@ feature_folders/PUNSIB_clean/zeo++/PUNSIB_clean_sa.txt Unitcell_volume: 1265.12   Density: 1.32619   ASA_A^2: 0 ASA_m^2/cm^3: 0 ASA_m^2/g: 0 NASA_A^2: 48.7338 NASA_m^2/cm^3: 385.212 NASA_m^2/g: 290.466
Number_of_channels: 0 Channel_surface_area_A^2: 
Number_of_pockets: 6 Pocket_surface_area_A^2: 23.6317  24.2491  0.207782  0.153102  0.207782  0.284333  
