@ feature_folders/WITKIV_clean/zeo++/WITKIV_clean_sa.txt Unitcell_volume: 51395.2   Density: 0.586943   ASA_A^2: 8124.28 ASA_m^2/cm^3: 1580.75 ASA_m^2/g: 2693.19 NASA_A^2: 12.8663 NASA_m^2/cm^3: 2.50341 NASA_m^2/g: 4.26516
Number_of_channels: 1 Channel_surface_area_A^2: 8124.28  
Number_of_pockets: 6 Pocket_surface_area_A^2: 2.11549  2.00142  2.01471  2.26252  2.34103  2.13113  
