@ feature_folders/KIYMAI_clean/zeo++/KIYMAI_clean_sa.txt Unitcell_volume: 1517.71   Density: 1.32079   ASA_A^2: 0 ASA_m^2/cm^3: 0 ASA_m^2/g: 0 NASA_A^2: 10.6542 NASA_m^2/cm^3: 70.1995 NASA_m^2/g: 53.1496
Number_of_channels: 0 Channel_surface_area_A^2: 
Number_of_pockets: 12 Pocket_surface_area_A^2: 1.09964  1.10771  0.968248  0.555474  1.08814  0.481438  0.790147  1.20248  0.66416  0.928492  1.26899  0.499304  
