@ feature_folders/RUMROI_clean/zeo++/RUMROI_clean_sa.txt Unitcell_volume: 1041.64   Density: 1.74728   ASA_A^2: 0 ASA_m^2/cm^3: 0 ASA_m^2/g: 0 NASA_A^2: 4.1 NASA_m^2/cm^3: 39.3609 NASA_m^2/g: 22.527
Number_of_channels: 0 Channel_surface_area_A^2: 
Number_of_pockets: 8 Pocket_surface_area_A^2: 0.130792  1.1094  1.06557  0.233797  0.173315  0.607965  0.680267  0.0988982  
