@ feature_folders/KOMGEZ/zeo++/KOMGEZ_sa.txt Unitcell_volume: 11047   Density: 1.40903   ASA_A^2: 0 ASA_m^2/cm^3: 0 ASA_m^2/g: 0 NASA_A^2: 239.658 NASA_m^2/cm^3: 216.944 NASA_m^2/g: 153.967
Number_of_channels: 0 Channel_surface_area_A^2: 
Number_of_pockets: 36 Pocket_surface_area_A^2: 3.15078  7.25381  7.84212  8.85567  8.58452  8.51506  3.23213  7.91772  3.45242  8.6264  9.20142  3.19813  8.38956  8.71806  8.26576  3.2599  8.99337  3.3103  8.28805  7.71758  3.27059  8.87322  8.72101  3.32563  8.32776  7.58539  8.42617  3.12571  8.7445  3.25608  7.87302  7.70261  3.27995  8.51914  3.27472  8.57941  
