@ feature_folders/QAKFIU_clean/zeo++/QAKFIU_clean_sa.txt Unitcell_volume: 3648.86   Density: 1.40052   ASA_A^2: 0 ASA_m^2/cm^3: 0 ASA_m^2/g: 0 NASA_A^2: 26.3376 NASA_m^2/cm^3: 72.1803 NASA_m^2/g: 51.5384
Number_of_channels: 0 Channel_surface_area_A^2: 
Number_of_pockets: 16 Pocket_surface_area_A^2: 2.9665  2.80225  0.57886  0.613578  0.623559  2.61517  0.619737  2.81531  2.57238  2.57833  0.58884  0.756913  2.35462  0.604766  0.537982  2.70881  
