@ feature_folders/MEGBEH_manual/zeo++/MEGBEH_manual_sa.txt Unitcell_volume: 5608.48   Density: 0.994874   ASA_A^2: 1048.8 ASA_m^2/cm^3: 1870.03 ASA_m^2/g: 1879.67 NASA_A^2: 5.18876 NASA_m^2/cm^3: 9.25163 NASA_m^2/g: 9.2993
Number_of_channels: 1 Channel_surface_area_A^2: 1048.8  
Number_of_pockets: 4 Pocket_surface_area_A^2: 1.41201  1.13597  1.11612  1.52467  
