@ feature_folders/DUZPUL_clean/zeo++/DUZPUL_clean_sa.txt Unitcell_volume: 3298.37   Density: 0.920284   ASA_A^2: 743.695 ASA_m^2/cm^3: 2254.73 ASA_m^2/g: 2450.04 NASA_A^2: 0.589898 NASA_m^2/cm^3: 1.78845 NASA_m^2/g: 1.94337
Number_of_channels: 1 Channel_surface_area_A^2: 743.695  
Number_of_pockets: 4 Pocket_surface_area_A^2: 0.245627  0.11457  0.143563  0.0861379  
