@ feature_folders/Ni-NIC/zeo++/Ni-NIC_sa.txt Unitcell_volume: 5656.25   Density: 1.46036   ASA_A^2: 0 ASA_m^2/cm^3: 0 ASA_m^2/g: 0 NASA_A^2: 78.7661 NASA_m^2/cm^3: 139.255 NASA_m^2/g: 95.3568
Number_of_channels: 0 Channel_surface_area_A^2: 
Number_of_pockets: 12 Pocket_surface_area_A^2: 9.06554  9.66988  9.75799  10.0352  0.244058  0.200989  10.1346  10.131  0.172276  0.114851  9.52198  9.71766  
