@ feature_folders/Ni_L13_2/zeo++/Ni_L13_2_sa.txt Unitcell_volume: 3235.6   Density: 1.25073   ASA_A^2: 0 ASA_m^2/cm^3: 0 ASA_m^2/g: 0 NASA_A^2: 8.89329 NASA_m^2/cm^3: 27.4858 NASA_m^2/g: 21.9758
Number_of_channels: 0 Channel_surface_area_A^2: 
Number_of_pockets: 8 Pocket_surface_area_A^2: 2.25142  0  2.21452  0  2.33357  2.07191  0.0109359  0.0109359  
