@ feature_folders/VUVZAP_clean/zeo++/VUVZAP_clean_sa.txt Unitcell_volume: 1884.47   Density: 1.57661   ASA_A^2: 0 ASA_m^2/cm^3: 0 ASA_m^2/g: 0 NASA_A^2: 84.219 NASA_m^2/cm^3: 446.911 NASA_m^2/g: 283.464
Number_of_channels: 0 Channel_surface_area_A^2: 
Number_of_pockets: 8 Pocket_surface_area_A^2: 19.6857  0.700908  19.5573  20.6394  0.913988  0.824429  0.749227  21.1481  
