@ feature_folders/DUDKEU_clean/zeo++/DUDKEU_clean_sa.txt Unitcell_volume: 5163.9   Density: 1.65561   ASA_A^2: 0 ASA_m^2/cm^3: 0 ASA_m^2/g: 0 NASA_A^2: 232.311 NASA_m^2/cm^3: 449.875 NASA_m^2/g: 271.727
Number_of_channels: 0 Channel_surface_area_A^2: 
Number_of_pockets: 12 Pocket_surface_area_A^2: 59.617  59.1284  0.0143563  0  0  0  57.0154  56.5197  0  0  0  0.0159261  
