@ feature_folders/SUWQEI_clean/zeo++/SUWQEI_clean_sa.txt Unitcell_volume: 4577.36   Density: 0.818244   ASA_A^2: 598.659 ASA_m^2/cm^3: 1307.87 ASA_m^2/g: 1598.38 NASA_A^2: 1.58677 NASA_m^2/cm^3: 3.46656 NASA_m^2/g: 4.23658
Number_of_channels: 2 Channel_surface_area_A^2: 298.43  300.229  
Number_of_pockets: 2 Pocket_surface_area_A^2: 0.672505  0.914263  
