@ feature_folders/MOYNEU/zeo++/MOYNEU_sa.txt Unitcell_volume: 4015.32   Density: 1.32924   ASA_A^2: 0 ASA_m^2/cm^3: 0 ASA_m^2/g: 0 NASA_A^2: 33.5074 NASA_m^2/cm^3: 83.4489 NASA_m^2/g: 62.7794
Number_of_channels: 0 Channel_surface_area_A^2: 
Number_of_pockets: 10 Pocket_surface_area_A^2: 8.14726  8.35387  0.0218718  0.0646599  0  0.026862  8.49911  8.36098  0.0328077  0  
