@ feature_folders/GIKMOD11/zeo++/GIKMOD11_sa.txt Unitcell_volume: 1350.28   Density: 1.90006   ASA_A^2: 0 ASA_m^2/cm^3: 0 ASA_m^2/g: 0 NASA_A^2: 1.69884 NASA_m^2/cm^3: 12.5814 NASA_m^2/g: 6.62158
Number_of_channels: 0 Channel_surface_area_A^2: 
Number_of_pockets: 4 Pocket_surface_area_A^2: 0.39468  0.394961  0.423392  0.485808  
