@ feature_folders/TEQVAO_manual/zeo++/TEQVAO_manual_sa.txt Unitcell_volume: 4945.56   Density: 1.19795   ASA_A^2: 0 ASA_m^2/cm^3: 0 ASA_m^2/g: 0 NASA_A^2: 112.799 NASA_m^2/cm^3: 228.08 NASA_m^2/g: 190.392
Number_of_channels: 0 Channel_surface_area_A^2: 
Number_of_pockets: 16 Pocket_surface_area_A^2: 4.26243  22.6186  0.449365  1.38724  21.7132  22.4429  1.05054  4.45577  0.24656  21.9331  4.10745  1.32453  0.349152  1.5284  4.49624  0.433181  
