@ feature_folders/QOSXOM/zeo++/QOSXOM_sa.txt Unitcell_volume: 20813   Density: 1.03996   ASA_A^2: 2302.36 ASA_m^2/cm^3: 1106.22 ASA_m^2/g: 1063.71 NASA_A^2: 39.4012 NASA_m^2/cm^3: 18.9311 NASA_m^2/g: 18.2037
Number_of_channels: 2 Channel_surface_area_A^2: 1144.97  1157.39  
Number_of_pockets: 4 Pocket_surface_area_A^2: 10.336  9.49196  9.50789  10.0653  
