@ feature_folders/RIPWIY_clean/zeo++/RIPWIY_clean_sa.txt Unitcell_volume: 7463.36   Density: 3.60339   ASA_A^2: 0 ASA_m^2/cm^3: 0 ASA_m^2/g: 0 NASA_A^2: 411.006 NASA_m^2/cm^3: 550.698 NASA_m^2/g: 152.827
Number_of_channels: 0 Channel_surface_area_A^2: 
Number_of_pockets: 12 Pocket_surface_area_A^2: 29.7564  70.7562  71.9616  2.99458  28.8434  2.6963  69.5091  29.5311  29.3899  2.785  2.74886  70.033  
