@ feature_folders/PAMHIW/zeo++/PAMHIW_sa.txt Unitcell_volume: 6985.98   Density: 0.952087   ASA_A^2: 777.314 ASA_m^2/cm^3: 1112.68 ASA_m^2/g: 1168.67 NASA_A^2: 221.522 NASA_m^2/cm^3: 317.095 NASA_m^2/g: 333.053
Number_of_channels: 1 Channel_surface_area_A^2: 777.314  
Number_of_pockets: 6 Pocket_surface_area_A^2: 110.37  0.305462  0.339226  109.784  0.280511  0.441683  
