@ feature_folders/ILOTOT/zeo++/ILOTOT_sa.txt Unitcell_volume: 1733.48   Density: 1.43009   ASA_A^2: 0 ASA_m^2/cm^3: 0 ASA_m^2/g: 0 NASA_A^2: 9.91097 NASA_m^2/cm^3: 57.1739 NASA_m^2/g: 39.9793
Number_of_channels: 0 Channel_surface_area_A^2: 
Number_of_pockets: 6 Pocket_surface_area_A^2: 2.2925  0.0437435  2.48104  2.3875  2.62964  0.0765512  
