@ feature_folders/GELVEZ01_clean/zeo++/GELVEZ01_clean_sa.txt Unitcell_volume: 1546.53   Density: 1.43691   ASA_A^2: 0 ASA_m^2/cm^3: 0 ASA_m^2/g: 0 NASA_A^2: 0.841531 NASA_m^2/cm^3: 5.44142 NASA_m^2/g: 3.7869
Number_of_channels: 0 Channel_surface_area_A^2: 
Number_of_pockets: 6 Pocket_surface_area_A^2: 0.136722  0.100494  0.10801  0.205084  0.136722  0.154499  
