@ feature_folders/UYOJOI_clean/zeo++/UYOJOI_clean_sa.txt Unitcell_volume: 3920.73   Density: 1.49463   ASA_A^2: 0 ASA_m^2/cm^3: 0 ASA_m^2/g: 0 NASA_A^2: 259.231 NASA_m^2/cm^3: 661.18 NASA_m^2/g: 442.371
Number_of_channels: 0 Channel_surface_area_A^2: 
Number_of_pockets: 6 Pocket_surface_area_A^2: 127.448  1.35024  126.677  1.25013  1.22626  1.27929  
