@ feature_folders/MOF-505/zeo++/MOF-505_sa.txt Unitcell_volume: 7311.21   Density: 0.992014   ASA_A^2: 0 ASA_m^2/cm^3: 0 ASA_m^2/g: 0 NASA_A^2: 1042.51 NASA_m^2/cm^3: 1425.91 NASA_m^2/g: 1437.39
Number_of_channels: 0 Channel_surface_area_A^2: 
Number_of_pockets: 12 Pocket_surface_area_A^2: 4.28998  339.216  0.890092  336.368  4.65949  335.799  1.00494  4.77855  5.04566  4.77749  0.961874  4.72017  
