@ feature_folders/MOGNAY_clean/zeo++/MOGNAY_clean_sa.txt Unitcell_volume: 2189.95   Density: 1.48355   ASA_A^2: 207.811 ASA_m^2/cm^3: 948.929 ASA_m^2/g: 639.634 NASA_A^2: 1.51298 NASA_m^2/cm^3: 6.90875 NASA_m^2/g: 4.65691
Number_of_channels: 2 Channel_surface_area_A^2: 104.611  103.2  
Number_of_pockets: 8 Pocket_surface_area_A^2: 0.414079  0  0.28667  0  0.430005  0  0.382227  0  
