@ feature_folders/OCUNAE_clean/zeo++/OCUNAE_clean_sa.txt Unitcell_volume: 2860.54   Density: 1.22157   ASA_A^2: 0 ASA_m^2/cm^3: 0 ASA_m^2/g: 0 NASA_A^2: 240 NASA_m^2/cm^3: 839.005 NASA_m^2/g: 686.825
Number_of_channels: 0 Channel_surface_area_A^2: 
Number_of_pockets: 6 Pocket_surface_area_A^2: 121.149  118.641  0  0.0749212  0.0462086  0.0892775  
