@ feature_folders/XEJTIR_clean/zeo++/XEJTIR_clean_sa.txt Unitcell_volume: 3104.38   Density: 1.20458   ASA_A^2: 0 ASA_m^2/cm^3: 0 ASA_m^2/g: 0 NASA_A^2: 57.9232 NASA_m^2/cm^3: 186.586 NASA_m^2/g: 154.897
Number_of_channels: 0 Channel_surface_area_A^2: 
Number_of_pockets: 8 Pocket_surface_area_A^2: 13.5042  0.203005  14.5171  14.8498  0.261719  0.20396  14.1854  0.198014  
