@ feature_folders/FAHPOV_clean/zeo++/FAHPOV_clean_sa.txt Unitcell_volume: 15286.1   Density: 0.465056   ASA_A^2: 2841.04 ASA_m^2/cm^3: 1858.58 ASA_m^2/g: 3996.47 NASA_A^2: 0.0159261 NASA_m^2/cm^3: 0.0104187 NASA_m^2/g: 0.0224031
Number_of_channels: 1 Channel_surface_area_A^2: 2841.04  
Number_of_pockets: 4 Pocket_surface_area_A^2: 0  0  0.0159261  0  
