@ feature_folders/VEHYUE_clean/zeo++/VEHYUE_clean_sa.txt Unitcell_volume: 5284.53   Density: 1.87284   ASA_A^2: 0 ASA_m^2/cm^3: 0 ASA_m^2/g: 0 NASA_A^2: 126.934 NASA_m^2/cm^3: 240.2 NASA_m^2/g: 128.255
Number_of_channels: 0 Channel_surface_area_A^2: 
Number_of_pockets: 10 Pocket_surface_area_A^2: 62.5546  0.155472  0.108931  0.0961537  0.0958026  0.11085  0.123016  0.120388  0.125813  63.4434  
