@ feature_folders/URUWEL_clean/zeo++/URUWEL_clean_sa.txt Unitcell_volume: 3155.9   Density: 1.12073   ASA_A^2: 304.107 ASA_m^2/cm^3: 963.614 ASA_m^2/g: 859.806 NASA_A^2: 0.0159261 NASA_m^2/cm^3: 0.0504646 NASA_m^2/g: 0.0450281
Number_of_channels: 1 Channel_surface_area_A^2: 304.107  
Number_of_pockets: 4 Pocket_surface_area_A^2: 0  0  0.0159261  0  
