@ feature_folders/SETXAS_clean/zeo++/SETXAS_clean_sa.txt Unitcell_volume: 1390.96   Density: 2.01139   ASA_A^2: 0 ASA_m^2/cm^3: 0 ASA_m^2/g: 0 NASA_A^2: 0.0930482 NASA_m^2/cm^3: 0.668949 NASA_m^2/g: 0.332581
Number_of_channels: 0 Channel_surface_area_A^2: 
Number_of_pockets: 6 Pocket_surface_area_A^2: 0.0159261  0  0  0.0265465  0.0346495  0.0159261  
