@ feature_folders/VOTKEW_clean/zeo++/VOTKEW_clean_sa.txt Unitcell_volume: 3750.49   Density: 1.34119   ASA_A^2: 0 ASA_m^2/cm^3: 0 ASA_m^2/g: 0 NASA_A^2: 260.365 NASA_m^2/cm^3: 694.216 NASA_m^2/g: 517.613
Number_of_channels: 0 Channel_surface_area_A^2: 
Number_of_pockets: 8 Pocket_surface_area_A^2: 65.02  0.914524  63.7793  63.5643  0.697838  0.860467  64.5491  0.979798  
