@ feature_folders/HACREL/zeo++/HACREL_sa.txt Unitcell_volume: 12262.5   Density: 0.959567   ASA_A^2: 1873.23 ASA_m^2/cm^3: 1527.61 ASA_m^2/g: 1591.98 NASA_A^2: 1.55978 NASA_m^2/cm^3: 1.272 NASA_m^2/g: 1.32559
Number_of_channels: 1 Channel_surface_area_A^2: 1873.23  
Number_of_pockets: 9 Pocket_surface_area_A^2: 0.141492  0.192751  0.200266  0.130556  0.185235  0.196846  0.1743  0.149007  0.18933  
