@ feature_folders/IMEDOV_clean/zeo++/IMEDOV_clean_sa.txt Unitcell_volume: 9324.48   Density: 1.06775   ASA_A^2: 732.71 ASA_m^2/cm^3: 785.792 ASA_m^2/g: 735.93 NASA_A^2: 0.360884 NASA_m^2/cm^3: 0.387029 NASA_m^2/g: 0.36247
Number_of_channels: 1 Channel_surface_area_A^2: 732.71  
Number_of_pockets: 4 Pocket_surface_area_A^2: 0.0546794  0.0874871  0.098423  0.120295  
