@ feature_folders/FOXPUE_clean/zeo++/FOXPUE_clean_sa.txt Unitcell_volume: 2031.57   Density: 1.19677   ASA_A^2: 0 ASA_m^2/cm^3: 0 ASA_m^2/g: 0 NASA_A^2: 16.0336 NASA_m^2/cm^3: 78.9223 NASA_m^2/g: 65.9462
Number_of_channels: 0 Channel_surface_area_A^2: 
Number_of_pockets: 8 Pocket_surface_area_A^2: 1.66003  1.7456  3.50363  0.0109359  2.74523  3.08446  0.0765512  3.20719  
