@ feature_folders/JOSNAG_clean/zeo++/JOSNAG_clean_sa.txt Unitcell_volume: 789.523   Density: 1.49368   ASA_A^2: 0 ASA_m^2/cm^3: 0 ASA_m^2/g: 0 NASA_A^2: 10.4276 NASA_m^2/cm^3: 132.075 NASA_m^2/g: 88.4224
Number_of_channels: 0 Channel_surface_area_A^2: 
Number_of_pockets: 6 Pocket_surface_area_A^2: 5.21593  0.0143563  0.1743  0.210528  0.0143563  4.79817  
