@ feature_folders/LAHYOL_clean/zeo++/LAHYOL_clean_sa.txt Unitcell_volume: 5305.41   Density: 1.41984   ASA_A^2: 0 ASA_m^2/cm^3: 0 ASA_m^2/g: 0 NASA_A^2: 250.804 NASA_m^2/cm^3: 472.732 NASA_m^2/g: 332.946
Number_of_channels: 0 Channel_surface_area_A^2: 
Number_of_pockets: 6 Pocket_surface_area_A^2: 98.6672  123.411  0.128364  2.64374  25.8572  0.0965121  
