@ feature_folders/PACGIM_clean/zeo++/PACGIM_clean_sa.txt Unitcell_volume: 5042.27   Density: 1.04531   ASA_A^2: 929.394 ASA_m^2/cm^3: 1843.21 ASA_m^2/g: 1763.31 NASA_A^2: 0.026862 NASA_m^2/cm^3: 0.0532737 NASA_m^2/g: 0.0509643
Number_of_channels: 1 Channel_surface_area_A^2: 929.394  
Number_of_pockets: 12 Pocket_surface_area_A^2: 0.0159261  0  0  0  0  0  0  0.0109359  0  0  0  0  
