@ feature_folders/BEYKEX_clean/zeo++/BEYKEX_clean_sa.txt Unitcell_volume: 3334.2   Density: 1.91723   ASA_A^2: 329.119 ASA_m^2/cm^3: 987.101 ASA_m^2/g: 514.859 NASA_A^2: 12.2145 NASA_m^2/cm^3: 36.634 NASA_m^2/g: 19.1078
Number_of_channels: 2 Channel_surface_area_A^2: 166.531  162.588  
Number_of_pockets: 4 Pocket_surface_area_A^2: 2.99987  3.06768  3.1929  2.95405  
