@ feature_folders/HEKTUO_clean/zeo++/HEKTUO_clean_sa.txt Unitcell_volume: 1871.4   Density: 1.60368   ASA_A^2: 0 ASA_m^2/cm^3: 0 ASA_m^2/g: 0 NASA_A^2: 57.7816 NASA_m^2/cm^3: 308.761 NASA_m^2/g: 192.532
Number_of_channels: 0 Channel_surface_area_A^2: 
Number_of_pockets: 6 Pocket_surface_area_A^2: 20.116  4.31155  3.60541  4.35473  4.61477  20.7791  
