@ feature_folders/ITIPOS_clean/zeo++/ITIPOS_clean_sa.txt Unitcell_volume: 3604.05   Density: 1.06602   ASA_A^2: 587.479 ASA_m^2/cm^3: 1630.05 ASA_m^2/g: 1529.1 NASA_A^2: 0.318522 NASA_m^2/cm^3: 0.88379 NASA_m^2/g: 0.829052
Number_of_channels: 1 Channel_surface_area_A^2: 587.479  
Number_of_pockets: 2 Pocket_surface_area_A^2: 0.143335  0.175187  
