@ feature_folders/SEJBAL_clean/zeo++/SEJBAL_clean_sa.txt Unitcell_volume: 1095.29   Density: 1.17037   ASA_A^2: 55.1507 ASA_m^2/cm^3: 503.526 ASA_m^2/g: 430.227 NASA_A^2: 0.0587142 NASA_m^2/cm^3: 0.536061 NASA_m^2/g: 0.458026
Number_of_channels: 1 Channel_surface_area_A^2: 55.1507  
Number_of_pockets: 3 Pocket_surface_area_A^2: 0  0.0477783  0.0109359  
