@ feature_folders/NIZNOB/zeo++/NIZNOB_sa.txt Unitcell_volume: 6290.25   Density: 1.99408   ASA_A^2: 0 ASA_m^2/cm^3: 0 ASA_m^2/g: 0 NASA_A^2: 0.563977 NASA_m^2/cm^3: 0.896589 NASA_m^2/g: 0.449625
Number_of_channels: 0 Channel_surface_area_A^2: 
Number_of_pockets: 4 Pocket_surface_area_A^2: 0.226955  0.0683363  0.0401605  0.228525  
