@ feature_folders/AWEZOS_clean/zeo++/AWEZOS_clean_sa.txt Unitcell_volume: 8987.84   Density: 1.53516   ASA_A^2: 0 ASA_m^2/cm^3: 0 ASA_m^2/g: 0 NASA_A^2: 155.781 NASA_m^2/cm^3: 173.325 NASA_m^2/g: 112.903
Number_of_channels: 0 Channel_surface_area_A^2: 
Number_of_pockets: 8 Pocket_surface_area_A^2: 74.9495  0.0546794  4.39699  0.0218718  72.3148  0.0583558  0.0109359  3.97443  
