@ feature_folders/QEFNAQ_clean/zeo++/QEFNAQ_clean_sa.txt Unitcell_volume: 3914.43   Density: 1.2915   ASA_A^2: 262.954 ASA_m^2/cm^3: 671.756 ASA_m^2/g: 520.134 NASA_A^2: 14.9546 NASA_m^2/cm^3: 38.2038 NASA_m^2/g: 29.5809
Number_of_channels: 1 Channel_surface_area_A^2: 262.954  
Number_of_pockets: 4 Pocket_surface_area_A^2: 4.09301  3.85412  3.1693  3.83819  
