@ feature_folders/BEFLUV_clean/zeo++/BEFLUV_clean_sa.txt Unitcell_volume: 2066.75   Density: 1.56773   ASA_A^2: 67.2557 ASA_m^2/cm^3: 325.418 ASA_m^2/g: 207.573 NASA_A^2: 4.63709 NASA_m^2/cm^3: 22.4366 NASA_m^2/g: 14.3116
Number_of_channels: 2 Channel_surface_area_A^2: 33.7698  33.4859  
Number_of_pockets: 4 Pocket_surface_area_A^2: 0.990586  1.32078  1.13415  1.19157  
