@ feature_folders/TORKAO_clean/zeo++/TORKAO_clean_sa.txt Unitcell_volume: 3457.79   Density: 1.1494   ASA_A^2: 0 ASA_m^2/cm^3: 0 ASA_m^2/g: 0 NASA_A^2: 285.187 NASA_m^2/cm^3: 824.766 NASA_m^2/g: 717.565
Number_of_channels: 0 Channel_surface_area_A^2: 
Number_of_pockets: 12 Pocket_surface_area_A^2: 72.0042  0  70.3866  69.8561  0.0362281  0  0.0143563  72.8209  0  0.0143563  0.0396485  0.0143563  
