@ feature_folders/UTEXIB_clean/zeo++/UTEXIB_clean_sa.txt Unitcell_volume: 4793.11   Density: 1.00241   ASA_A^2: 520.082 ASA_m^2/cm^3: 1085.06 ASA_m^2/g: 1082.46 NASA_A^2: 0.923715 NASA_m^2/cm^3: 1.92717 NASA_m^2/g: 1.92254
Number_of_channels: 2 Channel_surface_area_A^2: 258.791  261.291  
Number_of_pockets: 4 Pocket_surface_area_A^2: 0.270744  0.20704  0.302596  0.143335  
