@ feature_folders/MAKGOX/zeo++/MAKGOX_sa.txt Unitcell_volume: 7917.67   Density: 1.8507   ASA_A^2: 0 ASA_m^2/cm^3: 0 ASA_m^2/g: 0 NASA_A^2: 29.0039 NASA_m^2/cm^3: 36.6318 NASA_m^2/g: 19.7935
Number_of_channels: 0 Channel_surface_area_A^2: 
Number_of_pockets: 24 Pocket_surface_area_A^2: 3.55091  0.043325  3.45508  0.0287126  0.0364841  3.40805  0.0435809  0.0289686  0.043069  3.46376  0.0146123  0.043325  3.74341  0.0143563  0.0109359  3.43004  0.0146123  0.0143563  3.53895  0  0  0.0143563  0.0435809  4.01938  
