@ feature_folders/FEXCES_clean/zeo++/FEXCES_clean_sa.txt Unitcell_volume: 2936.72   Density: 1.01825   ASA_A^2: 360.656 ASA_m^2/cm^3: 1228.09 ASA_m^2/g: 1206.08 NASA_A^2: 0.404323 NASA_m^2/cm^3: 1.37678 NASA_m^2/g: 1.35211
Number_of_channels: 1 Channel_surface_area_A^2: 360.656  
Number_of_pockets: 3 Pocket_surface_area_A^2: 0.197312  0.0483827  0.158628  
