@ feature_folders/OSOTUN_clean/zeo++/OSOTUN_clean_sa.txt Unitcell_volume: 13178.3   Density: 1.06518   ASA_A^2: 1581.85 ASA_m^2/cm^3: 1200.34 ASA_m^2/g: 1126.9 NASA_A^2: 13.9354 NASA_m^2/cm^3: 10.5745 NASA_m^2/g: 9.92742
Number_of_channels: 1 Channel_surface_area_A^2: 1581.85  
Number_of_pockets: 2 Pocket_surface_area_A^2: 6.52971  7.40564  
