@ feature_folders/mil-96/zeo++/mil-96_sa.txt Unitcell_volume: 5459.3   Density: 1.16707   ASA_A^2: 0 ASA_m^2/cm^3: 0 ASA_m^2/g: 0 NASA_A^2: 548.471 NASA_m^2/cm^3: 1004.65 NASA_m^2/g: 860.837
Number_of_channels: 0 Channel_surface_area_A^2: 
Number_of_pockets: 10 Pocket_surface_area_A^2: 183.684  80.9684  0.0924171  11.9445  0.141765  81.048  0.108343  0.0780608  179.638  10.7672  
