@ feature_folders/SIFVEK/zeo++/SIFVEK_sa.txt Unitcell_volume: 7879.64   Density: 1.21598   ASA_A^2: 0 ASA_m^2/cm^3: 0 ASA_m^2/g: 0 NASA_A^2: 149.466 NASA_m^2/cm^3: 189.686 NASA_m^2/g: 155.994
Number_of_channels: 0 Channel_surface_area_A^2: 
Number_of_pockets: 12 Pocket_surface_area_A^2: 5.42015  5.50371  20.9547  10.2064  21.9584  10.3129  21.6548  21.669  6.10325  5.61014  10.0188  10.0535  
