@ feature_folders/MUGQAI_clean/zeo++/MUGQAI_clean_sa.txt Unitcell_volume: 2951.86   Density: 1.86928   ASA_A^2: 0 ASA_m^2/cm^3: 0 ASA_m^2/g: 0 NASA_A^2: 26.0671 NASA_m^2/cm^3: 88.3074 NASA_m^2/g: 47.2414
Number_of_channels: 0 Channel_surface_area_A^2: 
Number_of_pockets: 8 Pocket_surface_area_A^2: 1.22206  5.43081  1.11058  5.47858  1.23799  5.46266  5.03265  1.09179  
