@ feature_folders/DITXOU_clean/zeo++/DITXOU_clean_sa.txt Unitcell_volume: 1938.55   Density: 1.08104   ASA_A^2: 0 ASA_m^2/cm^3: 0 ASA_m^2/g: 0 NASA_A^2: 182.419 NASA_m^2/cm^3: 941.01 NASA_m^2/g: 870.465
Number_of_channels: 0 Channel_surface_area_A^2: 
Number_of_pockets: 12 Pocket_surface_area_A^2: 46.9023  44.5698  44.824  0.0159261  0.0143563  0.0302824  0.0574253  0.0574253  45.8888  0  0.0287126  0.0302824  
