@ feature_folders/ITIWEO_clean/zeo++/ITIWEO_clean_sa.txt Unitcell_volume: 5374.66   Density: 1.10398   ASA_A^2: 345.694 ASA_m^2/cm^3: 643.193 ASA_m^2/g: 582.614 NASA_A^2: 20.9316 NASA_m^2/cm^3: 38.945 NASA_m^2/g: 35.2769
Number_of_channels: 1 Channel_surface_area_A^2: 345.694  
Number_of_pockets: 4 Pocket_surface_area_A^2: 5.23424  5.23859  5.27252  5.18624  
