@ feature_folders/REGLOG_clean/zeo++/REGLOG_clean_sa.txt Unitcell_volume: 2024.72   Density: 2.07119   ASA_A^2: 0 ASA_m^2/cm^3: 0 ASA_m^2/g: 0 NASA_A^2: 75.1741 NASA_m^2/cm^3: 371.281 NASA_m^2/g: 179.26
Number_of_channels: 0 Channel_surface_area_A^2: 
Number_of_pockets: 8 Pocket_surface_area_A^2: 30.4368  0.143335  3.42168  3.70174  30.4738  0.127409  3.33673  3.53256  
