@ feature_folders/JALLOA_clean/zeo++/JALLOA_clean_sa.txt Unitcell_volume: 12108.3   Density: 0.755302   ASA_A^2: 1351.76 ASA_m^2/cm^3: 1116.39 ASA_m^2/g: 1478.07 NASA_A^2: 2.88263 NASA_m^2/cm^3: 2.38071 NASA_m^2/g: 3.15199
Number_of_channels: 1 Channel_surface_area_A^2: 1351.76  
Number_of_pockets: 2 Pocket_surface_area_A^2: 1.43335  1.44928  
