@ feature_folders/WAHNEB_clean/zeo++/WAHNEB_clean_sa.txt Unitcell_volume: 9579.32   Density: 0.49512   ASA_A^2: 1980.87 ASA_m^2/cm^3: 2067.86 ASA_m^2/g: 4176.48 NASA_A^2: 15.868 NASA_m^2/cm^3: 16.5648 NASA_m^2/g: 33.4561
Number_of_channels: 1 Channel_surface_area_A^2: 1980.87  
Number_of_pockets: 3 Pocket_surface_area_A^2: 5.18361  5.10706  5.5773  
