@ feature_folders/RUGPEQ_clean/zeo++/RUGPEQ_clean_sa.txt Unitcell_volume: 10420.9   Density: 1.4685   ASA_A^2: 0 ASA_m^2/cm^3: 0 ASA_m^2/g: 0 NASA_A^2: 495.121 NASA_m^2/cm^3: 475.121 NASA_m^2/g: 323.542
Number_of_channels: 0 Channel_surface_area_A^2: 
Number_of_pockets: 12 Pocket_surface_area_A^2: 34.3692  35.5558  87.3826  87.837  0.623345  0.667089  34.5102  35.4414  88.2058  89.3951  0.495535  0.637702  
