@ feature_folders/QITHAC/zeo++/QITHAC_sa.txt Unitcell_volume: 23078.5   Density: 0.855704   ASA_A^2: 3185.22 ASA_m^2/cm^3: 1380.17 ASA_m^2/g: 1612.9 NASA_A^2: 13.379 NASA_m^2/cm^3: 5.79714 NASA_m^2/g: 6.77471
Number_of_channels: 1 Channel_surface_area_A^2: 3185.22  
Number_of_pockets: 8 Pocket_surface_area_A^2: 1.54759  1.82502  1.64623  1.89372  1.62488  1.66884  1.61724  1.55545  
