@ feature_folders/UDEMEW/zeo++/UDEMEW_sa.txt Unitcell_volume: 96877.8   Density: 0.681201   ASA_A^2: 12739.4 ASA_m^2/cm^3: 1315 ASA_m^2/g: 1930.41 NASA_A^2: 225.434 NASA_m^2/cm^3: 23.27 NASA_m^2/g: 34.1602
Number_of_channels: 1 Channel_surface_area_A^2: 12739.4  
Number_of_pockets: 34 Pocket_surface_area_A^2: 6.19526  6.22711  5.49451  6.81638  6.33859  6.466  6.21119  6.24304  5.98822  6.19526  6.0997  6.036  7.1986  6.80045  7.38972  6.25896  7.11897  7.46935  7.66046  6.16341  6.60934  6.41822  6.16341  6.52971  6.11563  6.65712  7.16675  7.02342  7.88343  6.56156  8.10639  6.24304  6.466  7.11897  
