@ feature_folders/HIYMEJ_clean/zeo++/HIYMEJ_clean_sa.txt Unitcell_volume: 7180.18   Density: 2.14723   ASA_A^2: 0 ASA_m^2/cm^3: 0 ASA_m^2/g: 0 NASA_A^2: 83.9026 NASA_m^2/cm^3: 116.853 NASA_m^2/g: 54.4204
Number_of_channels: 0 Channel_surface_area_A^2: 
Number_of_pockets: 20 Pocket_surface_area_A^2: 4.65343  4.02509  7.27255  2.06311  2.07126  2.80668  6.96341  2.39217  4.9225  4.21553  2.64269  1.95829  2.36809  4.38781  1.92888  4.76803  7.71364  8.08582  4.40443  4.25922  
