@ feature_folders/ODONEB_clean/zeo++/ODONEB_clean_sa.txt Unitcell_volume: 8536.2   Density: 1.29598   ASA_A^2: 0 ASA_m^2/cm^3: 0 ASA_m^2/g: 0 NASA_A^2: 7.11261 NASA_m^2/cm^3: 8.33229 NASA_m^2/g: 6.42935
Number_of_channels: 0 Channel_surface_area_A^2: 
Number_of_pockets: 18 Pocket_surface_area_A^2: 0  0  1.14692  0  0  1.05534  0  0  1.20844  0.0109359  0  1.33832  0  0  1.22829  0  0  1.12437  
