@ feature_folders/JUMZIC/zeo++/JUMZIC_sa.txt Unitcell_volume: 2356.7   Density: 1.41237   ASA_A^2: 0 ASA_m^2/cm^3: 0 ASA_m^2/g: 0 NASA_A^2: 0.0328077 NASA_m^2/cm^3: 0.13921 NASA_m^2/g: 0.0985654
Number_of_channels: 0 Channel_surface_area_A^2: 
Number_of_pockets: 4 Pocket_surface_area_A^2: 0.0109359  0.0109359  0  0.0109359  
