@ feature_folders/OTUXUX_clean/zeo++/OTUXUX_clean_sa.txt Unitcell_volume: 1802.26   Density: 1.24376   ASA_A^2: 0 ASA_m^2/cm^3: 0 ASA_m^2/g: 0 NASA_A^2: 64.0208 NASA_m^2/cm^3: 355.225 NASA_m^2/g: 285.607
Number_of_channels: 0 Channel_surface_area_A^2: 
Number_of_pockets: 8 Pocket_surface_area_A^2: 20.6509  11.3505  0.0637045  19.7129  0.111483  0.0955567  11.988  0.0477783  
