@ feature_folders/KOMFIC/zeo++/KOMFIC_sa.txt Unitcell_volume: 1061.78   Density: 1.05027   ASA_A^2: 0 ASA_m^2/cm^3: 0 ASA_m^2/g: 0 NASA_A^2: 31.8672 NASA_m^2/cm^3: 300.13 NASA_m^2/g: 285.764
Number_of_channels: 0 Channel_surface_area_A^2: 
Number_of_pockets: 8 Pocket_surface_area_A^2: 7.89572  0.140084  7.59992  0.0853112  0.164677  8.0122  0.132825  7.83648  
