@ feature_folders/VAZMEQ_clean/zeo++/VAZMEQ_clean_sa.txt Unitcell_volume: 1066.31   Density: 2.24613   ASA_A^2: 0 ASA_m^2/cm^3: 0 ASA_m^2/g: 0 NASA_A^2: 0.243477 NASA_m^2/cm^3: 2.28337 NASA_m^2/g: 1.01658
Number_of_channels: 0 Channel_surface_area_A^2: 
Number_of_pockets: 4 Pocket_surface_area_A^2: 0.0143563  0.0396485  0.0870846  0.102388  
