@ feature_folders/MIXYEZ/zeo++/MIXYEZ_sa.txt Unitcell_volume: 1684.09   Density: 1.1181   ASA_A^2: 113.458 ASA_m^2/cm^3: 673.707 ASA_m^2/g: 602.547 NASA_A^2: 5.84255 NASA_m^2/cm^3: 34.6926 NASA_m^2/g: 31.0282
Number_of_channels: 1 Channel_surface_area_A^2: 113.458  
Number_of_pockets: 4 Pocket_surface_area_A^2: 5.22377  0.172108  0.19897  0.247704  
