@ feature_folders/ISUCUV_clean/zeo++/ISUCUV_clean_sa.txt Unitcell_volume: 2519.16   Density: 1.06793   ASA_A^2: 230.782 ASA_m^2/cm^3: 916.107 ASA_m^2/g: 857.837 NASA_A^2: 0.691559 NASA_m^2/cm^3: 2.74519 NASA_m^2/g: 2.57058
Number_of_channels: 1 Channel_surface_area_A^2: 230.782  
Number_of_pockets: 2 Pocket_surface_area_A^2: 0.339386  0.352173  
