@ feature_folders/LELCUB01/zeo++/LELCUB01_sa.txt Unitcell_volume: 14958.6   Density: 1.68019   ASA_A^2: 0 ASA_m^2/cm^3: 0 ASA_m^2/g: 0 NASA_A^2: 2.29818 NASA_m^2/cm^3: 1.53636 NASA_m^2/g: 0.914394
Number_of_channels: 0 Channel_surface_area_A^2: 
Number_of_pockets: 8 Pocket_surface_area_A^2: 0.308064  0.25556  0.175068  0.371503  0.277619  0.287147  0.253119  0.370096  
