@ feature_folders/VUKJUI_clean/zeo++/VUKJUI_clean_sa.txt Unitcell_volume: 10083.4   Density: 1.4408   ASA_A^2: 0 ASA_m^2/cm^3: 0 ASA_m^2/g: 0 NASA_A^2: 635.264 NASA_m^2/cm^3: 630.008 NASA_m^2/g: 437.261
Number_of_channels: 0 Channel_surface_area_A^2: 
Number_of_pockets: 10 Pocket_surface_area_A^2: 148.409  20.3698  0.872431  149.045  147.873  19.8962  0.629717  146.497  0.840578  0.830598  
