@ feature_folders/XIHXET_clean/zeo++/XIHXET_clean_sa.txt Unitcell_volume: 2720.57   Density: 1.25049   ASA_A^2: 0 ASA_m^2/cm^3: 0 ASA_m^2/g: 0 NASA_A^2: 63.2453 NASA_m^2/cm^3: 232.471 NASA_m^2/g: 185.904
Number_of_channels: 0 Channel_surface_area_A^2: 
Number_of_pockets: 12 Pocket_surface_area_A^2: 3.16161  3.36325  12.6907  12.3846  0  0  13.0908  3.17615  0  0  12.1905  3.18752  
