@ feature_folders/CUYVOI_clean/zeo++/CUYVOI_clean_sa.txt Unitcell_volume: 3343.05   Density: 1.42517   ASA_A^2: 0 ASA_m^2/cm^3: 0 ASA_m^2/g: 0 NASA_A^2: 39.3203 NASA_m^2/cm^3: 117.618 NASA_m^2/g: 82.529
Number_of_channels: 0 Channel_surface_area_A^2: 
Number_of_pockets: 6 Pocket_surface_area_A^2: 4.47146  7.45729  4.82584  7.29598  7.5784  7.69134  
