@ feature_folders/TEBWII/zeo++/TEBWII_sa.txt Unitcell_volume: 6932.27   Density: 0.966019   ASA_A^2: 0 ASA_m^2/cm^3: 0 ASA_m^2/g: 0 NASA_A^2: 591.766 NASA_m^2/cm^3: 853.64 NASA_m^2/g: 883.668
Number_of_channels: 0 Channel_surface_area_A^2: 
Number_of_pockets: 8 Pocket_surface_area_A^2: 140.341  145.741  4.44701  5.16416  139.996  146.084  5.07913  4.91427  
