@ feature_folders/IQOJAB_clean/zeo++/IQOJAB_clean_sa.txt Unitcell_volume: 6117.05   Density: 1.02895   ASA_A^2: 614.549 ASA_m^2/cm^3: 1004.65 ASA_m^2/g: 976.382 NASA_A^2: 2.74784 NASA_m^2/cm^3: 4.4921 NASA_m^2/g: 4.36571
Number_of_channels: 1 Channel_surface_area_A^2: 614.549  
Number_of_pockets: 2 Pocket_surface_area_A^2: 1.36653  1.38131  
