@ feature_folders/PAFXUS/zeo++/PAFXUS_sa.txt Unitcell_volume: 9673.71   Density: 1.27983   ASA_A^2: 0 ASA_m^2/cm^3: 0 ASA_m^2/g: 0 NASA_A^2: 637.914 NASA_m^2/cm^3: 659.43 NASA_m^2/g: 515.248
Number_of_channels: 0 Channel_surface_area_A^2: 
Number_of_pockets: 8 Pocket_surface_area_A^2: 0.525645  158.752  159.114  0.421055  160.234  157.845  0.531811  0.490766  
