@ feature_folders/ITIPOS/zeo++/ITIPOS_sa.txt Unitcell_volume: 3604.05   Density: 1.06602   ASA_A^2: 588.435 ASA_m^2/cm^3: 1632.7 ASA_m^2/g: 1531.58 NASA_A^2: 0.414079 NASA_m^2/cm^3: 1.14893 NASA_m^2/g: 1.07777
Number_of_channels: 1 Channel_surface_area_A^2: 588.435  
Number_of_pockets: 2 Pocket_surface_area_A^2: 0.175187  0.238892  
