@ feature_folders/GOBXAY_clean/zeo++/GOBXAY_clean_sa.txt Unitcell_volume: 3848.34   Density: 1.66682   ASA_A^2: 0 ASA_m^2/cm^3: 0 ASA_m^2/g: 0 NASA_A^2: 95.6822 NASA_m^2/cm^3: 248.633 NASA_m^2/g: 149.166
Number_of_channels: 0 Channel_surface_area_A^2: 
Number_of_pockets: 6 Pocket_surface_area_A^2: 31.9744  7.41275  7.90238  6.8891  33.1172  8.38634  
