@ feature_folders/EMOSOP_clean/zeo++/EMOSOP_clean_sa.txt Unitcell_volume: 2581.69   Density: 1.72177   ASA_A^2: 0 ASA_m^2/cm^3: 0 ASA_m^2/g: 0 NASA_A^2: 0.243529 NASA_m^2/cm^3: 0.943291 NASA_m^2/g: 0.547862
Number_of_channels: 0 Channel_surface_area_A^2: 
Number_of_pockets: 4 Pocket_surface_area_A^2: 0.065455  0.0252922  0.0941676  0.0586141  
