@ feature_folders/HUXHEP01/zeo++/HUXHEP01_sa.txt Unitcell_volume: 2180.36   Density: 1.58994   ASA_A^2: 0 ASA_m^2/cm^3: 0 ASA_m^2/g: 0 NASA_A^2: 35.959 NASA_m^2/cm^3: 164.922 NASA_m^2/g: 103.729
Number_of_channels: 0 Channel_surface_area_A^2: 
Number_of_pockets: 6 Pocket_surface_area_A^2: 14.8878  1.71801  1.71894  14.2777  1.61094  1.7456  
