@ feature_folders/GARLUJ_clean/zeo++/GARLUJ_clean_sa.txt Unitcell_volume: 3328.75   Density: 1.19194   ASA_A^2: 339.526 ASA_m^2/cm^3: 1019.98 ASA_m^2/g: 855.73 NASA_A^2: 0.254818 NASA_m^2/cm^3: 0.765506 NASA_m^2/g: 0.642235
Number_of_channels: 1 Channel_surface_area_A^2: 339.526  
Number_of_pockets: 4 Pocket_surface_area_A^2: 0.0637045  0.0955567  0.0477783  0.0477783  
