@ feature_folders/PAMHIW_clean/zeo++/PAMHIW_clean_sa.txt Unitcell_volume: 6985.98   Density: 0.952087   ASA_A^2: 778.593 ASA_m^2/cm^3: 1114.51 ASA_m^2/g: 1170.59 NASA_A^2: 221.807 NASA_m^2/cm^3: 317.503 NASA_m^2/g: 333.481
Number_of_channels: 1 Channel_surface_area_A^2: 778.593  
Number_of_pockets: 6 Pocket_surface_area_A^2: 110.527  0.252694  0.421722  109.989  0.287412  0.329245  
