@ feature_folders/NUCPEI_clean/zeo++/NUCPEI_clean_sa.txt Unitcell_volume: 7360.63   Density: 1.03972   ASA_A^2: 1152.74 ASA_m^2/cm^3: 1566.1 ASA_m^2/g: 1506.26 NASA_A^2: 0.291555 NASA_m^2/cm^3: 0.396101 NASA_m^2/g: 0.380967
Number_of_channels: 2 Channel_surface_area_A^2: 577.273  575.471  
Number_of_pockets: 4 Pocket_surface_area_A^2: 0.0396485  0.100494  0.105204  0.0462086  
