@ feature_folders/IRELAU_clean/zeo++/IRELAU_clean_sa.txt Unitcell_volume: 3106.18   Density: 1.13995   ASA_A^2: 0 ASA_m^2/cm^3: 0 ASA_m^2/g: 0 NASA_A^2: 335.496 NASA_m^2/cm^3: 1080.09 NASA_m^2/g: 947.489
Number_of_channels: 0 Channel_surface_area_A^2: 
Number_of_pockets: 6 Pocket_surface_area_A^2: 166.394  0.35874  168.2  0.19084  0.205477  0.147097  
