@ feature_folders/QITXAU_clean/zeo++/QITXAU_clean_sa.txt Unitcell_volume: 1963.43   Density: 1.02323   ASA_A^2: 198.899 ASA_m^2/cm^3: 1013.02 ASA_m^2/g: 990.017 NASA_A^2: 0.228859 NASA_m^2/cm^3: 1.16561 NASA_m^2/g: 1.13914
Number_of_channels: 1 Channel_surface_area_A^2: 198.899  
Number_of_pockets: 2 Pocket_surface_area_A^2: 0.11614  0.112719  
