@ feature_folders/OVIZOJ_clean/zeo++/OVIZOJ_clean_sa.txt Unitcell_volume: 2107.54   Density: 1.44542   ASA_A^2: 0 ASA_m^2/cm^3: 0 ASA_m^2/g: 0 NASA_A^2: 33.0007 NASA_m^2/cm^3: 156.584 NASA_m^2/g: 108.331
Number_of_channels: 0 Channel_surface_area_A^2: 
Number_of_pockets: 5 Pocket_surface_area_A^2: 8.20902  0.100888  17.4754  7.19346  0.0218718  
