@ feature_folders/KOMGUP_clean/zeo++/KOMGUP_clean_sa.txt Unitcell_volume: 1485.19   Density: 1.59631   ASA_A^2: 0 ASA_m^2/cm^3: 0 ASA_m^2/g: 0 NASA_A^2: 43.7479 NASA_m^2/cm^3: 294.561 NASA_m^2/g: 184.526
Number_of_channels: 0 Channel_surface_area_A^2: 
Number_of_pockets: 8 Pocket_surface_area_A^2: 10.9934  0  11.2879  10.4224  0  11.03  0  0.0143563  
