@ feature_folders/DAGJED/zeo++/DAGJED_sa.txt Unitcell_volume: 2573.88   Density: 1.13589   ASA_A^2: 69.3733 ASA_m^2/cm^3: 269.528 ASA_m^2/g: 237.284 NASA_A^2: 68.8887 NASA_m^2/cm^3: 267.645 NASA_m^2/g: 235.626
Number_of_channels: 1 Channel_surface_area_A^2: 69.3733  
Number_of_pockets: 8 Pocket_surface_area_A^2: 1.12982  33.1894  1.23979  0  33.0692  0  0.0865317  0.174019  
