@ feature_folders/FAGMEI_clean/zeo++/FAGMEI_clean_sa.txt Unitcell_volume: 4023.87   Density: 1.13696   ASA_A^2: 80.2514 ASA_m^2/cm^3: 199.438 ASA_m^2/g: 175.414 NASA_A^2: 74.1215 NASA_m^2/cm^3: 184.204 NASA_m^2/g: 162.015
Number_of_channels: 2 Channel_surface_area_A^2: 39.2655  40.9859  
Number_of_pockets: 6 Pocket_surface_area_A^2: 9.80175  16.7744  9.92226  10.2371  17.7395  9.64652  
