@ feature_folders/XAPFUS/zeo++/XAPFUS_sa.txt Unitcell_volume: 11278   Density: 2.07195   ASA_A^2: 0 ASA_m^2/cm^3: 0 ASA_m^2/g: 0 NASA_A^2: 1.84985 NASA_m^2/cm^3: 1.64022 NASA_m^2/g: 0.79163
Number_of_channels: 0 Channel_surface_area_A^2: 
Number_of_pockets: 4 Pocket_surface_area_A^2: 0.424523  0.456657  0.440229  0.528438  
