@ feature_folders/AVESUR_clean/zeo++/AVESUR_clean_sa.txt Unitcell_volume: 7515.18   Density: 1.18458   ASA_A^2: 1331.62 ASA_m^2/cm^3: 1771.91 ASA_m^2/g: 1495.82 NASA_A^2: 14.5445 NASA_m^2/cm^3: 19.3535 NASA_m^2/g: 16.3379
Number_of_channels: 2 Channel_surface_area_A^2: 665.155  666.467  
Number_of_pockets: 12 Pocket_surface_area_A^2: 0  0.0159261  3.93363  0  0  3.35938  0  0  0.0143563  0  3.77571  3.44552  
