@ feature_folders/QUVDOB_clean/zeo++/QUVDOB_clean_sa.txt Unitcell_volume: 2781.45   Density: 2.1139   ASA_A^2: 0 ASA_m^2/cm^3: 0 ASA_m^2/g: 0 NASA_A^2: 7.1756 NASA_m^2/cm^3: 25.7981 NASA_m^2/g: 12.204
Number_of_channels: 0 Channel_surface_area_A^2: 
Number_of_pockets: 8 Pocket_surface_area_A^2: 1.58892  0.0902329  1.8466  0.0952232  1.75923  1.64645  0.0918027  0.0571444  
