@ feature_folders/OSUVIJ_clean/zeo++/OSUVIJ_clean_sa.txt Unitcell_volume: 3674.48   Density: 1.27175   ASA_A^2: 354.92 ASA_m^2/cm^3: 965.907 ASA_m^2/g: 759.507 NASA_A^2: 5.99547 NASA_m^2/cm^3: 16.3165 NASA_m^2/g: 12.8299
Number_of_channels: 1 Channel_surface_area_A^2: 354.92  
Number_of_pockets: 4 Pocket_surface_area_A^2: 1.21672  1.85272  1.12054  1.8055  
