@ feature_folders/OYEBIE_clean/zeo++/OYEBIE_clean_sa.txt Unitcell_volume: 2105.04   Density: 1.30552   ASA_A^2: 0 ASA_m^2/cm^3: 0 ASA_m^2/g: 0 NASA_A^2: 27.502 NASA_m^2/cm^3: 130.648 NASA_m^2/g: 100.074
Number_of_channels: 0 Channel_surface_area_A^2: 
Number_of_pockets: 6 Pocket_surface_area_A^2: 4.68875  4.6172  4.40312  4.95816  4.34333  4.49142  
