@ feature_folders/MOF-802/zeo++/MOF-802_sa.txt Unitcell_volume: 28458.7   Density: 1.49633   ASA_A^2: 0 ASA_m^2/cm^3: 0 ASA_m^2/g: 0 NASA_A^2: 2304.78 NASA_m^2/cm^3: 809.869 NASA_m^2/g: 541.237
Number_of_channels: 0 Channel_surface_area_A^2: 
Number_of_pockets: 24 Pocket_surface_area_A^2: 127.814  158.423  129.403  129.587  160.235  129.982  159.522  0.0728055  158.992  0.0581932  158.638  0.0728055  156.864  127.301  128.035  0.0730615  129.33  0.0728055  160.4  159.461  130.183  0.0730615  0.0728055  0.11613  
