@ feature_folders/GEFZAU/zeo++/GEFZAU_sa.txt Unitcell_volume: 6258.15   Density: 0.991134   ASA_A^2: 697.649 ASA_m^2/cm^3: 1114.79 ASA_m^2/g: 1124.76 NASA_A^2: 0.187079 NASA_m^2/cm^3: 0.298936 NASA_m^2/g: 0.30161
Number_of_channels: 1 Channel_surface_area_A^2: 697.649  
Number_of_pockets: 6 Pocket_surface_area_A^2: 0.0427881  0.0159261  0.0109359  0.0637045  0.0159261  0.0377979  
