@ feature_folders/LICKAL_clean/zeo++/LICKAL_clean_sa.txt Unitcell_volume: 2787.21   Density: 1.80004   ASA_A^2: 83.4861 ASA_m^2/cm^3: 299.533 ASA_m^2/g: 166.404 NASA_A^2: 0.244785 NASA_m^2/cm^3: 0.878241 NASA_m^2/g: 0.487902
Number_of_channels: 2 Channel_surface_area_A^2: 40.6931  42.7931  
Number_of_pockets: 12 Pocket_surface_area_A^2: 0  0.076491  0.0143563  0.026862  0.0589951  0.0109359  0.0159261  0  0  0.0109359  0.0143563  0.0159261  
