@ feature_folders/REGMUN_clean/zeo++/REGMUN_clean_sa.txt Unitcell_volume: 6384.56   Density: 1.21407   ASA_A^2: 0 ASA_m^2/cm^3: 0 ASA_m^2/g: 0 NASA_A^2: 223.473 NASA_m^2/cm^3: 350.021 NASA_m^2/g: 288.303
Number_of_channels: 0 Channel_surface_area_A^2: 
Number_of_pockets: 10 Pocket_surface_area_A^2: 83.7061  13.1001  0.406024  0.684913  13.1827  83.544  0.45526  0.708856  14.3371  13.348  
