@ feature_folders/ZIF-11/zeo++/ZIF-11_sa.txt Unitcell_volume: 23787.3   Density: 1.00407   ASA_A^2: 0 ASA_m^2/cm^3: 0 ASA_m^2/g: 0 NASA_A^2: 2600.03 NASA_m^2/cm^3: 1093.04 NASA_m^2/g: 1088.61
Number_of_channels: 0 Channel_surface_area_A^2: 
Number_of_pockets: 8 Pocket_surface_area_A^2: 1521.7  0.18591  1073.11  0.120295  1.72002  0.109359  1.57669  1.51298  
