@ feature_folders/Co_L13_2/zeo++/Co_L13_2_sa.txt Unitcell_volume: 3263.01   Density: 1.24071   ASA_A^2: 0 ASA_m^2/cm^3: 0 ASA_m^2/g: 0 NASA_A^2: 10.3741 NASA_m^2/cm^3: 31.793 NASA_m^2/g: 25.6249
Number_of_channels: 0 Channel_surface_area_A^2: 
Number_of_pockets: 8 Pocket_surface_area_A^2: 2.39642  0.0437435  2.62891  0.0218718  2.46641  2.61989  0.098423  0.098423  
