@ feature_folders/PAMVEG_clean/zeo++/PAMVEG_clean_sa.txt Unitcell_volume: 2030.95   Density: 1.30742   ASA_A^2: 0 ASA_m^2/cm^3: 0 ASA_m^2/g: 0 NASA_A^2: 10.453 NASA_m^2/cm^3: 51.4683 NASA_m^2/g: 39.3663
Number_of_channels: 0 Channel_surface_area_A^2: 
Number_of_pockets: 8 Pocket_surface_area_A^2: 2.2477  0.466634  2.01974  0.411341  2.29335  0.442237  0.340181  2.23177  
