@ feature_folders/RUVMUR_clean/zeo++/RUVMUR_clean_sa.txt Unitcell_volume: 2723.19   Density: 1.48235   ASA_A^2: 0 ASA_m^2/cm^3: 0 ASA_m^2/g: 0 NASA_A^2: 1.17322 NASA_m^2/cm^3: 4.30825 NASA_m^2/g: 2.90636
Number_of_channels: 0 Channel_surface_area_A^2: 
Number_of_pockets: 8 Pocket_surface_area_A^2: 0.233688  0.0487338  0.0874871  0.179964  0.18591  0.120295  0.218718  0.098423  
