@ feature_folders/QALHIX_clean/zeo++/QALHIX_clean_sa.txt Unitcell_volume: 29014.5   Density: 0.740473   ASA_A^2: 5836.38 ASA_m^2/cm^3: 2011.54 ASA_m^2/g: 2716.57 NASA_A^2: 0.39716 NASA_m^2/cm^3: 0.136883 NASA_m^2/g: 0.18486
Number_of_channels: 1 Channel_surface_area_A^2: 5836.38  
Number_of_pockets: 16 Pocket_surface_area_A^2: 0.0109359  0  0.0109359  0.043069  0.0252922  0  0.0252922  0.0574253  0  0.0252922  0.0287126  0.0396485  0.047164  0.0109359  0.0615203  0.0109359  
