@ feature_folders/ECOSIY_clean/zeo++/ECOSIY_clean_sa.txt Unitcell_volume: 1214.01   Density: 2.15491   ASA_A^2: 0 ASA_m^2/cm^3: 0 ASA_m^2/g: 0 NASA_A^2: 1.88097 NASA_m^2/cm^3: 15.4938 NASA_m^2/g: 7.19001
Number_of_channels: 0 Channel_surface_area_A^2: 
Number_of_pockets: 8 Pocket_surface_area_A^2: 0  0.55773  0.459307  0.0109359  0.0109359  0.404628  0.426499  0.0109359  
