@ feature_folders/QEZZAY_clean/zeo++/QEZZAY_clean_sa.txt Unitcell_volume: 1795.05   Density: 2.11715   ASA_A^2: 0 ASA_m^2/cm^3: 0 ASA_m^2/g: 0 NASA_A^2: 61.5156 NASA_m^2/cm^3: 342.695 NASA_m^2/g: 161.866
Number_of_channels: 0 Channel_surface_area_A^2: 
Number_of_pockets: 8 Pocket_surface_area_A^2: 7.93809  7.95245  6.64698  7.83562  6.63262  8.5866  8.2975  7.62574  
