@ feature_folders/ZALDUO_clean/zeo++/ZALDUO_clean_sa.txt Unitcell_volume: 878.888   Density: 1.92477   ASA_A^2: 0 ASA_m^2/cm^3: 0 ASA_m^2/g: 0 NASA_A^2: 32.2068 NASA_m^2/cm^3: 366.45 NASA_m^2/g: 190.386
Number_of_channels: 0 Channel_surface_area_A^2: 
Number_of_pockets: 6 Pocket_surface_area_A^2: 15.7186  0.0904485  16.1591  0.0744488  0.0591429  0.105061  
