@ feature_folders/MEJZOS_clean/zeo++/MEJZOS_clean_sa.txt Unitcell_volume: 2717.83   Density: 1.72957   ASA_A^2: 0 ASA_m^2/cm^3: 0 ASA_m^2/g: 0 NASA_A^2: 59.806 NASA_m^2/cm^3: 220.05 NASA_m^2/g: 127.228
Number_of_channels: 0 Channel_surface_area_A^2: 
Number_of_pockets: 5 Pocket_surface_area_A^2: 0.441016  57.4309  0.868609  0.437596  0.627806  
