@ feature_folders/IGIZAA_clean/zeo++/IGIZAA_clean_sa.txt Unitcell_volume: 5136.69   Density: 3.31108   ASA_A^2: 0 ASA_m^2/cm^3: 0 ASA_m^2/g: 0 NASA_A^2: 86.7806 NASA_m^2/cm^3: 168.942 NASA_m^2/g: 51.0234
Number_of_channels: 0 Channel_surface_area_A^2: 
Number_of_pockets: 8 Pocket_surface_area_A^2: 17.1033  4.64912  3.99262  17.5205  17.7783  4.24701  17.355  4.13475  
