@ feature_folders/FECZAQ_manual/zeo++/FECZAQ_manual_sa.txt Unitcell_volume: 5710.19   Density: 0.984083   ASA_A^2: 945.809 ASA_m^2/cm^3: 1656.35 ASA_m^2/g: 1683.15 NASA_A^2: 2.11647 NASA_m^2/cm^3: 3.70648 NASA_m^2/g: 3.76643
Number_of_channels: 1 Channel_surface_area_A^2: 945.809  
Number_of_pockets: 4 Pocket_surface_area_A^2: 1.1432  0  0.962338  0.0109359  
