@ feature_folders/WIDZUG_clean/zeo++/WIDZUG_clean_sa.txt Unitcell_volume: 1985.59   Density: 1.38051   ASA_A^2: 0 ASA_m^2/cm^3: 0 ASA_m^2/g: 0 NASA_A^2: 88.3057 NASA_m^2/cm^3: 444.733 NASA_m^2/g: 322.152
Number_of_channels: 0 Channel_surface_area_A^2: 
Number_of_pockets: 6 Pocket_surface_area_A^2: 43.6507  44.5088  0.0159261  0.0109359  0.0706055  0.0487338  
