@ feature_folders/FEZQEI_clean/zeo++/FEZQEI_clean_sa.txt Unitcell_volume: 4295.63   Density: 1.19338   ASA_A^2: 204.087 ASA_m^2/cm^3: 475.104 ASA_m^2/g: 398.118 NASA_A^2: 19.7629 NASA_m^2/cm^3: 46.0069 NASA_m^2/g: 38.5519
Number_of_channels: 1 Channel_surface_area_A^2: 204.087  
Number_of_pockets: 6 Pocket_surface_area_A^2: 3.93406  3.24945  2.80586  3.37803  3.27132  3.12416  
