@ feature_folders/QAMVEH01_clean/zeo++/QAMVEH01_clean_sa.txt Unitcell_volume: 5787.64   Density: 0.990751   ASA_A^2: 813.854 ASA_m^2/cm^3: 1406.19 ASA_m^2/g: 1419.32 NASA_A^2: 23.6774 NASA_m^2/cm^3: 40.9103 NASA_m^2/g: 41.2922
Number_of_channels: 1 Channel_surface_area_A^2: 813.854  
Number_of_pockets: 6 Pocket_surface_area_A^2: 3.97716  4.00477  4.18112  3.66289  3.80367  4.04777  
