@ feature_folders/BEFNEH_clean/zeo++/BEFNEH_clean_sa.txt Unitcell_volume: 2607.05   Density: 2.16567   ASA_A^2: 0 ASA_m^2/cm^3: 0 ASA_m^2/g: 0 NASA_A^2: 91.7819 NASA_m^2/cm^3: 352.052 NASA_m^2/g: 162.56
Number_of_channels: 0 Channel_surface_area_A^2: 
Number_of_pockets: 12 Pocket_surface_area_A^2: 9.45497  14.2679  8.23788  13.8035  0  0  13.9091  14.1062  8.93196  9.07048  0  0  
