@ feature_folders/WOPHIU01_clean/zeo++/WOPHIU01_clean_sa.txt Unitcell_volume: 4089.85   Density: 1.35024   ASA_A^2: 0 ASA_m^2/cm^3: 0 ASA_m^2/g: 0 NASA_A^2: 158.644 NASA_m^2/cm^3: 387.896 NASA_m^2/g: 287.279
Number_of_channels: 0 Channel_surface_area_A^2: 
Number_of_pockets: 6 Pocket_surface_area_A^2: 74.1411  2.53054  2.50325  74.8083  2.35105  2.3097  
