@ feature_folders/KUFVAK_clean/zeo++/KUFVAK_clean_sa.txt Unitcell_volume: 3405.74   Density: 0.850503   ASA_A^2: 791.595 ASA_m^2/cm^3: 2324.3 ASA_m^2/g: 2732.85 NASA_A^2: 4.99183 NASA_m^2/cm^3: 14.6571 NASA_m^2/g: 17.2335
Number_of_channels: 1 Channel_surface_area_A^2: 791.595  
Number_of_pockets: 4 Pocket_surface_area_A^2: 1.14652  1.12975  1.30985  1.40571  
