@ feature_folders/APACAX_clean/zeo++/APACAX_clean_sa.txt Unitcell_volume: 3873.5   Density: 1.00727   ASA_A^2: 341.246 ASA_m^2/cm^3: 880.977 ASA_m^2/g: 874.618 NASA_A^2: 16.1748 NASA_m^2/cm^3: 41.7575 NASA_m^2/g: 41.4561
Number_of_channels: 2 Channel_surface_area_A^2: 170.299  170.948  
Number_of_pockets: 8 Pocket_surface_area_A^2: 1.92329  2.04442  2.01414  2.07134  2.10005  2.02042  2.14178  1.85936  
