@ feature_folders/OVIZUP_clean/zeo++/OVIZUP_clean_sa.txt Unitcell_volume: 5815.33   Density: 1.39082   ASA_A^2: 0 ASA_m^2/cm^3: 0 ASA_m^2/g: 0 NASA_A^2: 25.5638 NASA_m^2/cm^3: 43.9594 NASA_m^2/g: 31.6069
Number_of_channels: 0 Channel_surface_area_A^2: 
Number_of_pockets: 8 Pocket_surface_area_A^2: 2.94819  3.255  3.41063  3.31742  3.0834  3.33098  3.17599  3.04224  
