@ feature_folders/SALXEL/zeo++/SALXEL_sa.txt Unitcell_volume: 13397.8   Density: 0.954529   ASA_A^2: 1993.56 ASA_m^2/cm^3: 1487.97 ASA_m^2/g: 1558.86 NASA_A^2: 23.8152 NASA_m^2/cm^3: 17.7755 NASA_m^2/g: 18.6222
Number_of_channels: 1 Channel_surface_area_A^2: 1993.56  
Number_of_pockets: 8 Pocket_surface_area_A^2: 3.74883  0.923715  3.40633  3.37648  3.84561  3.51299  4.0935  0.907789  
