@ feature_folders/XORHET_clean/zeo++/XORHET_clean_sa.txt Unitcell_volume: 5887.87   Density: 1.22336   ASA_A^2: 0 ASA_m^2/cm^3: 0 ASA_m^2/g: 0 NASA_A^2: 390.373 NASA_m^2/cm^3: 663.012 NASA_m^2/g: 541.96
Number_of_channels: 0 Channel_surface_area_A^2: 
Number_of_pockets: 8 Pocket_surface_area_A^2: 95.963  1.51828  1.33218  96.7579  1.50329  96.5352  95.446  1.31738  
