@ feature_folders/IKOSOQ_clean/zeo++/IKOSOQ_clean_sa.txt Unitcell_volume: 7878.19   Density: 1.04558   ASA_A^2: 350.131 ASA_m^2/cm^3: 444.431 ASA_m^2/g: 425.056 NASA_A^2: 80.3363 NASA_m^2/cm^3: 101.973 NASA_m^2/g: 97.5275
Number_of_channels: 4 Channel_surface_area_A^2: 87.0418  87.1666  87.5401  88.383  
Number_of_pockets: 8 Pocket_surface_area_A^2: 0.0755958  0.080586  19.5468  19.8373  20.4297  20.1363  0.133355  0.0965121  
