@ feature_folders/ILOJEZ_clean/zeo++/ILOJEZ_clean_sa.txt Unitcell_volume: 2424.27   Density: 1.3886   ASA_A^2: 0 ASA_m^2/cm^3: 0 ASA_m^2/g: 0 NASA_A^2: 12.2715 NASA_m^2/cm^3: 50.6194 NASA_m^2/g: 36.4535
Number_of_channels: 0 Channel_surface_area_A^2: 
Number_of_pockets: 8 Pocket_surface_area_A^2: 2.83219  0.0159261  3.00485  0.0159261  3.18577  3.15222  0.053724  0.0109359  
