@ feature_folders/FIVYUF/zeo++/FIVYUF_sa.txt Unitcell_volume: 2799.77   Density: 1.41648   ASA_A^2: 0 ASA_m^2/cm^3: 0 ASA_m^2/g: 0 NASA_A^2: 55.7223 NASA_m^2/cm^3: 199.024 NASA_m^2/g: 140.506
Number_of_channels: 0 Channel_surface_area_A^2: 
Number_of_pockets: 6 Pocket_surface_area_A^2: 8.95973  0.0546794  18.4399  8.98995  19.1705  0.107448  
