@ feature_folders/OKIWUB02_clean/zeo++/OKIWUB02_clean_sa.txt Unitcell_volume: 5401.18   Density: 1.09856   ASA_A^2: 353.036 ASA_m^2/cm^3: 653.629 ASA_m^2/g: 594.987 NASA_A^2: 10.2032 NASA_m^2/cm^3: 18.8907 NASA_m^2/g: 17.1959
Number_of_channels: 1 Channel_surface_area_A^2: 353.036  
Number_of_pockets: 4 Pocket_surface_area_A^2: 2.53713  2.52619  2.74491  2.39496  
