@ feature_folders/FOXNIQ_clean/zeo++/FOXNIQ_clean_sa.txt Unitcell_volume: 3134.54   Density: 1.93205   ASA_A^2: 126.606 ASA_m^2/cm^3: 403.906 ASA_m^2/g: 209.055 NASA_A^2: 2.55268 NASA_m^2/cm^3: 8.14372 NASA_m^2/g: 4.21505
Number_of_channels: 1 Channel_surface_area_A^2: 126.606  
Number_of_pockets: 2 Pocket_surface_area_A^2: 1.27213  1.28054  
