@ feature_folders/MUZGAQ_clean/zeo++/MUZGAQ_clean_sa.txt Unitcell_volume: 14959.1   Density: 1.88749   ASA_A^2: 1226.38 ASA_m^2/cm^3: 819.825 ASA_m^2/g: 434.347 NASA_A^2: 5.87446 NASA_m^2/cm^3: 3.92703 NASA_m^2/g: 2.08056
Number_of_channels: 3 Channel_surface_area_A^2: 306.887  306.099  613.393  
Number_of_pockets: 4 Pocket_surface_area_A^2: 2.94079  0.0109359  0.0218718  2.90086  
