@ feature_folders/NEXVUI_clean/zeo++/NEXVUI_clean_sa.txt Unitcell_volume: 11199.3   Density: 1.35917   ASA_A^2: 683.85 ASA_m^2/cm^3: 610.616 ASA_m^2/g: 449.255 NASA_A^2: 0.817751 NASA_m^2/cm^3: 0.730178 NASA_m^2/g: 0.537221
Number_of_channels: 2 Channel_surface_area_A^2: 343.384  340.465  
Number_of_pockets: 8 Pocket_surface_area_A^2: 0.123374  0.156182  0.161172  0.123374  0.0646599  0.107448  0.0546794  0.026862  
