@ feature_folders/OTODOS_clean/zeo++/OTODOS_clean_sa.txt Unitcell_volume: 1966.17   Density: 1.13572   ASA_A^2: 190.709 ASA_m^2/cm^3: 969.952 ASA_m^2/g: 854.045 NASA_A^2: 3.80569 NASA_m^2/cm^3: 19.3559 NASA_m^2/g: 17.0429
Number_of_channels: 1 Channel_surface_area_A^2: 190.709  
Number_of_pockets: 4 Pocket_surface_area_A^2: 0.896742  1.01704  0.79832  1.09359  
