@ feature_folders/TIJPOT_clean/zeo++/TIJPOT_clean_sa.txt Unitcell_volume: 1359.6   Density: 1.44348   ASA_A^2: 0 ASA_m^2/cm^3: 0 ASA_m^2/g: 0 NASA_A^2: 14.615 NASA_m^2/cm^3: 107.495 NASA_m^2/g: 74.4694
Number_of_channels: 0 Channel_surface_area_A^2: 
Number_of_pockets: 8 Pocket_surface_area_A^2: 4.64735  0.300472  2.40865  0  2.6085  0.256114  0.0109359  4.38298  
