@ feature_folders/YOYVOZ_clean/zeo++/YOYVOZ_clean_sa.txt Unitcell_volume: 1944.98   Density: 1.95188   ASA_A^2: 0 ASA_m^2/cm^3: 0 ASA_m^2/g: 0 NASA_A^2: 106.913 NASA_m^2/cm^3: 549.684 NASA_m^2/g: 281.619
Number_of_channels: 0 Channel_surface_area_A^2: 
Number_of_pockets: 9 Pocket_surface_area_A^2: 0.0477783  0.0318522  36.1558  35.2878  0.0318522  34.9754  0.0796306  0.191113  0.111483  
