@ feature_folders/ZIYQAB_clean/zeo++/ZIYQAB_clean_sa.txt Unitcell_volume: 1978.57   Density: 1.34833   ASA_A^2: 0 ASA_m^2/cm^3: 0 ASA_m^2/g: 0 NASA_A^2: 88.509 NASA_m^2/cm^3: 447.337 NASA_m^2/g: 331.772
Number_of_channels: 0 Channel_surface_area_A^2: 
Number_of_pockets: 10 Pocket_surface_area_A^2: 43.4384  0.0109359  0.310042  43.9638  0.236946  0  0.0218718  0.207559  0.308447  0.0109359  
