@ feature_folders/Cu-MBTC/zeo++/Cu-MBTC_sa.txt Unitcell_volume: 8873.56   Density: 1.02844   ASA_A^2: 1043.21 ASA_m^2/cm^3: 1175.64 ASA_m^2/g: 1143.13 NASA_A^2: 3.35213 NASA_m^2/cm^3: 3.77766 NASA_m^2/g: 3.67319
Number_of_channels: 2 Channel_surface_area_A^2: 521.111  522.1  
Number_of_pockets: 6 Pocket_surface_area_A^2: 0  1.22456  0.973662  0.326053  0.559902  0.267953  
