@ feature_folders/IDORIE_clean/zeo++/IDORIE_clean_sa.txt Unitcell_volume: 9728.65   Density: 1.1689   ASA_A^2: 0 ASA_m^2/cm^3: 0 ASA_m^2/g: 0 NASA_A^2: 949.282 NASA_m^2/cm^3: 975.759 NASA_m^2/g: 834.766
Number_of_channels: 0 Channel_surface_area_A^2: 
Number_of_pockets: 8 Pocket_surface_area_A^2: 234.826  2.54184  231.677  235.693  2.62364  236.175  3.11025  2.63562  
