@ feature_folders/EZOBUR02_clean/zeo++/EZOBUR02_clean_sa.txt Unitcell_volume: 8230.64   Density: 1.36504   ASA_A^2: 493.453 ASA_m^2/cm^3: 599.532 ASA_m^2/g: 439.205 NASA_A^2: 0.0418042 NASA_m^2/cm^3: 0.0507909 NASA_m^2/g: 0.0372084
Number_of_channels: 4 Channel_surface_area_A^2: 170.206  172.57  74.3153  76.3612  
Number_of_pockets: 8 Pocket_surface_area_A^2: 0  0.0278694  0  0  0  0  0  0.0139347  
