@ feature_folders/Zn-DMOF-A/zeo++/Zn-DMOF-A_sa.txt Unitcell_volume: 4461.13   Density: 1.14857   ASA_A^2: 0 ASA_m^2/cm^3: 0 ASA_m^2/g: 0 NASA_A^2: 223.833 NASA_m^2/cm^3: 501.741 NASA_m^2/g: 436.838
Number_of_channels: 0 Channel_surface_area_A^2: 
Number_of_pockets: 12 Pocket_surface_area_A^2: 27.3406  0.459307  25.0966  28.7778  0.360884  29.2788  28.4241  0.415564  26.1156  29.3839  0.328077  27.8522  
