@ feature_folders/SAQZOB_clean/zeo++/SAQZOB_clean_sa.txt Unitcell_volume: 9797.32   Density: 1.07284   ASA_A^2: 0 ASA_m^2/cm^3: 0 ASA_m^2/g: 0 NASA_A^2: 531.791 NASA_m^2/cm^3: 542.792 NASA_m^2/g: 505.938
Number_of_channels: 0 Channel_surface_area_A^2: 
Number_of_pockets: 6 Pocket_surface_area_A^2: 249.168  251.251  7.80824  7.77426  8.29037  7.49969  
