@ feature_folders/HOWROC/zeo++/HOWROC_sa.txt Unitcell_volume: 6254.04   Density: 1.97188   ASA_A^2: 0 ASA_m^2/cm^3: 0 ASA_m^2/g: 0 NASA_A^2: 107.034 NASA_m^2/cm^3: 171.144 NASA_m^2/g: 86.7924
Number_of_channels: 0 Channel_surface_area_A^2: 
Number_of_pockets: 10 Pocket_surface_area_A^2: 45.0129  4.02306  0.152428  3.47254  0.145587  0.123715  3.69085  47.0404  3.25988  0.112779  
