@ feature_folders/DAGJED_clean/zeo++/DAGJED_clean_sa.txt Unitcell_volume: 2573.88   Density: 1.13589   ASA_A^2: 70.2989 ASA_m^2/cm^3: 273.124 ASA_m^2/g: 240.449 NASA_A^2: 69.9484 NASA_m^2/cm^3: 271.762 NASA_m^2/g: 239.251
Number_of_channels: 1 Channel_surface_area_A^2: 70.2989  
Number_of_pockets: 8 Pocket_surface_area_A^2: 1.01704  1.3635  33.7748  0  0.125285  33.5584  0.0109359  0.098423  
