@ feature_folders/BAXFIR02_clean/zeo++/BAXFIR02_clean_sa.txt Unitcell_volume: 1383.31   Density: 1.31623   ASA_A^2: 0 ASA_m^2/cm^3: 0 ASA_m^2/g: 0 NASA_A^2: 12.8801 NASA_m^2/cm^3: 93.1104 NASA_m^2/g: 70.7404
Number_of_channels: 0 Channel_surface_area_A^2: 
Number_of_pockets: 8 Pocket_surface_area_A^2: 0.636155  2.22981  2.38544  0.773612  2.6657  2.8453  0.654351  0.689708  
