@ feature_folders/UDOVUG_charged/zeo++/UDOVUG_charged_sa.txt Unitcell_volume: 6030.01   Density: 1.16526   ASA_A^2: 513.802 ASA_m^2/cm^3: 852.075 ASA_m^2/g: 731.23 NASA_A^2: 420.42 NASA_m^2/cm^3: 697.212 NASA_m^2/g: 598.331
Number_of_channels: 2 Channel_surface_area_A^2: 256.373  257.43  
Number_of_pockets: 4 Pocket_surface_area_A^2: 210.134  1.04984  208.175  1.06078  
