@ feature_folders/OMICOD_clean/zeo++/OMICOD_clean_sa.txt Unitcell_volume: 4962.74   Density: 1.07552   ASA_A^2: 0 ASA_m^2/cm^3: 0 ASA_m^2/g: 0 NASA_A^2: 162.193 NASA_m^2/cm^3: 326.821 NASA_m^2/g: 303.872
Number_of_channels: 0 Channel_surface_area_A^2: 
Number_of_pockets: 20 Pocket_surface_area_A^2: 8.00943  23.9949  0.0905665  7.40986  8.47489  8.27189  0.0487338  23.9177  0.0706055  0.0218718  0.0706055  24.5991  0.123374  24.3311  0.0865317  0.080586  8.11422  8.80467  7.78359  7.88892  
