@ feature_folders/GUCTAB/zeo++/GUCTAB_sa.txt Unitcell_volume: 15654.1   Density: 1.55365   ASA_A^2: 0 ASA_m^2/cm^3: 0 ASA_m^2/g: 0 NASA_A^2: 115.476 NASA_m^2/cm^3: 73.767 NASA_m^2/g: 47.4798
Number_of_channels: 0 Channel_surface_area_A^2: 
Number_of_pockets: 38 Pocket_surface_area_A^2: 0.0143563  0  18.0761  19.1591  0.168354  0.0909075  0.0815414  0.170205  0.150577  0  0.0774464  18.4584  18.7928  0  0.160838  0.103413  0.0706055  0.151753  0.123041  0.1162  0  0.105264  0.0993182  0.153042  0  0  19.191  0.100888  0.136221  0  18.745  0.105878  0.137116  0.105264  0.155848  0.149622  0.1877  0.138071  
