@ feature_folders/DIVNAY_clean/zeo++/DIVNAY_clean_sa.txt Unitcell_volume: 1305.33   Density: 1.85165   ASA_A^2: 0 ASA_m^2/cm^3: 0 ASA_m^2/g: 0 NASA_A^2: 9.13667 NASA_m^2/cm^3: 69.9951 NASA_m^2/g: 37.8016
Number_of_channels: 0 Channel_surface_area_A^2: 
Number_of_pockets: 8 Pocket_surface_area_A^2: 0.114851  2.1198  0.0717816  0.129207  2.31451  2.11352  2.11509  0.15792  
