@ feature_folders/TANFEV_clean/zeo++/TANFEV_clean_sa.txt Unitcell_volume: 1572.08   Density: 2.3923   ASA_A^2: 0 ASA_m^2/cm^3: 0 ASA_m^2/g: 0 NASA_A^2: 10.9841 NASA_m^2/cm^3: 69.87 NASA_m^2/g: 29.2062
Number_of_channels: 0 Channel_surface_area_A^2: 
Number_of_pockets: 12 Pocket_surface_area_A^2: 1.39752  1.42623  1.46435  1.45247  1.42426  0  1.25148  1.44554  0  0  1.12227  0  
