@ feature_folders/YOJMAN_clean/zeo++/YOJMAN_clean_sa.txt Unitcell_volume: 9979.47   Density: 3.43024   ASA_A^2: 0 ASA_m^2/cm^3: 0 ASA_m^2/g: 0 NASA_A^2: 355.275 NASA_m^2/cm^3: 356.006 NASA_m^2/g: 103.785
Number_of_channels: 0 Channel_surface_area_A^2: 
Number_of_pockets: 10 Pocket_surface_area_A^2: 156.376  9.96083  9.65432  157.402  0.984111  0.750043  8.8023  0.959164  1.14765  9.23846  
