@ feature_folders/JADMAF_clean/zeo++/JADMAF_clean_sa.txt Unitcell_volume: 5999.42   Density: 1.18993   ASA_A^2: 0 ASA_m^2/cm^3: 0 ASA_m^2/g: 0 NASA_A^2: 156.193 NASA_m^2/cm^3: 260.347 NASA_m^2/g: 218.792
Number_of_channels: 0 Channel_surface_area_A^2: 
Number_of_pockets: 6 Pocket_surface_area_A^2: 4.77573  4.74713  36.4811  36.7734  37.4004  36.0154  
