@ feature_folders/BOWZUK_clean/zeo++/BOWZUK_clean_sa.txt Unitcell_volume: 7561.3   Density: 0.894084   ASA_A^2: 856.469 ASA_m^2/cm^3: 1132.7 ASA_m^2/g: 1266.88 NASA_A^2: 9.208 NASA_m^2/cm^3: 12.1778 NASA_m^2/g: 13.6204
Number_of_channels: 4 Channel_surface_area_A^2: 212.961  213.029  215.843  214.635  
Number_of_pockets: 4 Pocket_surface_area_A^2: 2.31273  2.34403  2.36039  2.19085  
