@ feature_folders/MOFLAV_clean/zeo++/MOFLAV_clean_sa.txt Unitcell_volume: 11689.8   Density: 0.796722   ASA_A^2: 0 ASA_m^2/cm^3: 0 ASA_m^2/g: 0 NASA_A^2: 1413.26 NASA_m^2/cm^3: 1208.97 NASA_m^2/g: 1517.44
Number_of_channels: 0 Channel_surface_area_A^2: 
Number_of_pockets: 6 Pocket_surface_area_A^2: 704.709  703.639  1.28817  1.2257  1.09524  1.30304  
