@ feature_folders/XOFTIW/zeo++/XOFTIW_sa.txt Unitcell_volume: 3189.07   Density: 2.43811   ASA_A^2: 0 ASA_m^2/cm^3: 0 ASA_m^2/g: 0 NASA_A^2: 1.50349 NASA_m^2/cm^3: 4.71451 NASA_m^2/g: 1.93367
Number_of_channels: 0 Channel_surface_area_A^2: 
Number_of_pockets: 4 Pocket_surface_area_A^2: 0.636711  0.122366  0.682892  0.0615203  
