@ feature_folders/MAQBIS_clean/zeo++/MAQBIS_clean_sa.txt Unitcell_volume: 12516.9   Density: 0.674777   ASA_A^2: 2216.18 ASA_m^2/cm^3: 1770.55 ASA_m^2/g: 2623.9 NASA_A^2: 6.76757 NASA_m^2/cm^3: 5.40675 NASA_m^2/g: 8.01265
Number_of_channels: 1 Channel_surface_area_A^2: 2216.18  
Number_of_pockets: 8 Pocket_surface_area_A^2: 0  1.46663  1.65555  0.0159261  0.0637045  1.75403  1.76395  0.0477783  
