@ feature_folders/ERUNIQ_clean/zeo++/ERUNIQ_clean_sa.txt Unitcell_volume: 3719.8   Density: 1.36807   ASA_A^2: 0 ASA_m^2/cm^3: 0 ASA_m^2/g: 0 NASA_A^2: 159.923 NASA_m^2/cm^3: 429.924 NASA_m^2/g: 314.256
Number_of_channels: 0 Channel_surface_area_A^2: 
Number_of_pockets: 10 Pocket_surface_area_A^2: 0.432658  78.8285  77.5601  0.44455  0.450495  0.553908  0.342092  0.51112  0.418643  0.380845  
