@ feature_folders/FAHGAY_clean/zeo++/FAHGAY_clean_sa.txt Unitcell_volume: 3597.34   Density: 0.789805   ASA_A^2: 594.311 ASA_m^2/cm^3: 1652.09 ASA_m^2/g: 2091.76 NASA_A^2: 0.775242 NASA_m^2/cm^3: 2.15504 NASA_m^2/g: 2.72858
Number_of_channels: 2 Channel_surface_area_A^2: 298.337  295.974  
Number_of_pockets: 6 Pocket_surface_area_A^2: 0.186632  0.129207  0.0717816  0.172276  0.100494  0.114851  
