@ feature_folders/KUTHOY_clean/zeo++/KUTHOY_clean_sa.txt Unitcell_volume: 3867.12   Density: 1.83269   ASA_A^2: 0 ASA_m^2/cm^3: 0 ASA_m^2/g: 0 NASA_A^2: 99.0248 NASA_m^2/cm^3: 256.069 NASA_m^2/g: 139.723
Number_of_channels: 0 Channel_surface_area_A^2: 
Number_of_pockets: 12 Pocket_surface_area_A^2: 11.7938  12.6128  12.2841  0.0637045  11.959  0.0427881  11.9789  12.5886  12.8853  12.7092  0.0318522  0.0746403  
