@ feature_folders/FOVPOX_clean/zeo++/FOVPOX_clean_sa.txt Unitcell_volume: 4791.9   Density: 1.32713   ASA_A^2: 0 ASA_m^2/cm^3: 0 ASA_m^2/g: 0 NASA_A^2: 228.725 NASA_m^2/cm^3: 477.316 NASA_m^2/g: 359.661
Number_of_channels: 0 Channel_surface_area_A^2: 
Number_of_pockets: 8 Pocket_surface_area_A^2: 4.12086  52.7686  54.2447  3.59251  53.6991  3.82811  52.639  3.83215  
