@ feature_folders/NIFTIH_clean/zeo++/NIFTIH_clean_sa.txt Unitcell_volume: 3790.32   Density: 1.37616   ASA_A^2: 0 ASA_m^2/cm^3: 0 ASA_m^2/g: 0 NASA_A^2: 206.099 NASA_m^2/cm^3: 543.751 NASA_m^2/g: 395.122
Number_of_channels: 0 Channel_surface_area_A^2: 
Number_of_pockets: 5 Pocket_surface_area_A^2: 45.1605  100.428  59.1725  0.605192  0.732601  
