@ feature_folders/AQAJEI_clean/zeo++/AQAJEI_clean_sa.txt Unitcell_volume: 5299.69   Density: 1.10723   ASA_A^2: 0 ASA_m^2/cm^3: 0 ASA_m^2/g: 0 NASA_A^2: 454.86 NASA_m^2/cm^3: 858.276 NASA_m^2/g: 775.156
Number_of_channels: 0 Channel_surface_area_A^2: 
Number_of_pockets: 16 Pocket_surface_area_A^2: 113.421  113.718  0.584276  0  0  113.036  0.56336  0  112.12  0  0.813187  0  0  0.605192  0  0  
