@ feature_folders/YUZRAO_clean/zeo++/YUZRAO_clean_sa.txt Unitcell_volume: 3112.61   Density: 1.11887   ASA_A^2: 329.267 ASA_m^2/cm^3: 1057.85 ASA_m^2/g: 945.463 NASA_A^2: 0.836857 NASA_m^2/cm^3: 2.68861 NASA_m^2/g: 2.40297
Number_of_channels: 1 Channel_surface_area_A^2: 329.267  
Number_of_pockets: 2 Pocket_surface_area_A^2: 0.392829  0.444028  
