@ feature_folders/NIZZOM_clean/zeo++/NIZZOM_clean_sa.txt Unitcell_volume: 17794.8   Density: 1.1812   ASA_A^2: 3004.81 ASA_m^2/cm^3: 1688.59 ASA_m^2/g: 1429.55 NASA_A^2: 1.53564 NASA_m^2/cm^3: 0.862968 NASA_m^2/g: 0.730584
Number_of_channels: 2 Channel_surface_area_A^2: 1502.79  1502.02  
Number_of_pockets: 8 Pocket_surface_area_A^2: 0.126095  0.1898  0.173873  0.236264  0.127409  0.1898  0.349061  0.143335  
