@ feature_folders/UDOVOA_clean/zeo++/UDOVOA_clean_sa.txt Unitcell_volume: 34812   Density: 1.28591   ASA_A^2: 0 ASA_m^2/cm^3: 0 ASA_m^2/g: 0 NASA_A^2: 3341.74 NASA_m^2/cm^3: 959.937 NASA_m^2/g: 746.501
Number_of_channels: 0 Channel_surface_area_A^2: 
Number_of_pockets: 136 Pocket_surface_area_A^2: 1284.92  1.24616  11.0629  10.0683  6.78621  10.3949  0  1.34256  0  11.0252  1.27078  1.1778  0.0318522  10.3229  38.9898  7.07893  0  9.98219  0.0477783  7.08857  1.34733  10.6714  6.81109  0.0143563  1.21195  11.0763  9.30813  6.72832  0.0318522  10.2227  1.20719  41.1239  0  6.75256  0  0.0302824  6.88445  9.94854  1.41092  6.61347  9.69284  0  1291.43  10.1542  1.0643  40.809  0  0.0159261  6.65072  10.3599  1.54282  9.66298  0.0302824  0  9.54702  0.0159261  0.0159261  0.0302824  7.29584  6.54372  0  1.26254  0  6.73215  1.30084  0.0143563  9.57462  0.0159261  0.0143563  9.86734  0  1.0814  10.8688  7.00289  1.17645  0  11.6239  1.19625  1.22703  6.66596  0  0  10.0351  0.0143563  6.82097  1.41704  10.7903  6.76825  1.28441  10.7555  7.08229  0.0159261  1.1026  0  7.11594  0.0159261  6.84317  1.33914  0  10.0497  6.79383  9.43576  6.93111  9.10759  0  1.07595  42.0922  0.0159261  10.22  0.0159261  6.43021  0.0159261  1.39314  9.63698  40.7173  9.60961  0.0159261  0.0159261  0.0143563  10.1511  0  0.0159261  7.11281  1.22222  0  0.0159261  0.0159261  6.59486  1.28032  10.1865  40.911  10.5192  0  0  0  0  
