@ feature_folders/FIVYUF_clean/zeo++/FIVYUF_clean_sa.txt Unitcell_volume: 2799.77   Density: 1.41648   ASA_A^2: 0 ASA_m^2/cm^3: 0 ASA_m^2/g: 0 NASA_A^2: 57.0365 NASA_m^2/cm^3: 203.718 NASA_m^2/g: 143.82
Number_of_channels: 0 Channel_surface_area_A^2: 
Number_of_pockets: 6 Pocket_surface_area_A^2: 19.7486  9.00431  0.0546794  8.73445  19.397  0.0974675  
