@ feature_folders/MIFSUR_clean/zeo++/MIFSUR_clean_sa.txt Unitcell_volume: 11774.7   Density: 1.48492   ASA_A^2: 513.294 ASA_m^2/cm^3: 435.931 ASA_m^2/g: 293.572 NASA_A^2: 13.7428 NASA_m^2/cm^3: 11.6715 NASA_m^2/g: 7.86001
Number_of_channels: 2 Channel_surface_area_A^2: 257.476  255.818  
Number_of_pockets: 8 Pocket_surface_area_A^2: 1.67782  1.79507  1.70616  1.74389  1.85274  1.66388  1.57848  1.72474  
