@ feature_folders/BEJZAS_clean/zeo++/BEJZAS_clean_sa.txt Unitcell_volume: 1265.8   Density: 1.35569   ASA_A^2: 0 ASA_m^2/cm^3: 0 ASA_m^2/g: 0 NASA_A^2: 87.4064 NASA_m^2/cm^3: 690.524 NASA_m^2/g: 509.353
Number_of_channels: 0 Channel_surface_area_A^2: 
Number_of_pockets: 8 Pocket_surface_area_A^2: 21.8071  21.6348  22.3041  0.0455461  21.5212  0.0540049  0.0109359  0.0287126  
