@ feature_folders/CAYCIQ/zeo++/CAYCIQ_sa.txt Unitcell_volume: 7395.96   Density: 1.80211   ASA_A^2: 0 ASA_m^2/cm^3: 0 ASA_m^2/g: 0 NASA_A^2: 376.171 NASA_m^2/cm^3: 508.618 NASA_m^2/g: 282.235
Number_of_channels: 0 Channel_surface_area_A^2: 
Number_of_pockets: 10 Pocket_surface_area_A^2: 44.695  11.7435  159.025  0.310299  0.303458  0.334648  159.129  0.192297  0.272221  0.166061  
