@ feature_folders/SOTXEG_neutral/zeo++/SOTXEG_neutral_sa.txt Unitcell_volume: 2450.74   Density: 1.50786   ASA_A^2: 0 ASA_m^2/cm^3: 0 ASA_m^2/g: 0 NASA_A^2: 77.3126 NASA_m^2/cm^3: 315.467 NASA_m^2/g: 209.214
Number_of_channels: 0 Channel_surface_area_A^2: 
Number_of_pockets: 6 Pocket_surface_area_A^2: 13.3214  24.255  25.7665  0.114349  13.7958  0.0596697  
