@ feature_folders/QEZYUR_clean/zeo++/QEZYUR_clean_sa.txt Unitcell_volume: 1804.81   Density: 2.09685   ASA_A^2: 0 ASA_m^2/cm^3: 0 ASA_m^2/g: 0 NASA_A^2: 64.0369 NASA_m^2/cm^3: 354.812 NASA_m^2/g: 169.212
Number_of_channels: 0 Channel_surface_area_A^2: 
Number_of_pockets: 8 Pocket_surface_area_A^2: 8.36681  8.8985  7.91731  6.61827  6.56084  8.69058  8.33511  8.64949  
