@ feature_folders/QUSRIH_clean/zeo++/QUSRIH_clean_sa.txt Unitcell_volume: 3372.64   Density: 1.86379   ASA_A^2: 0 ASA_m^2/cm^3: 0 ASA_m^2/g: 0 NASA_A^2: 142.865 NASA_m^2/cm^3: 423.601 NASA_m^2/g: 227.279
Number_of_channels: 0 Channel_surface_area_A^2: 
Number_of_pockets: 16 Pocket_surface_area_A^2: 31.4705  4.77505  0  30.0246  0.611963  4.84191  29.8995  29.2523  4.83367  4.79808  0  0.766603  0  0.687173  0.904124  0  
