@ feature_folders/DALSER_clean/zeo++/DALSER_clean_sa.txt Unitcell_volume: 811.688   Density: 1.53283   ASA_A^2: 0 ASA_m^2/cm^3: 0 ASA_m^2/g: 0 NASA_A^2: 9.32332 NASA_m^2/cm^3: 114.863 NASA_m^2/g: 74.9355
Number_of_channels: 0 Channel_surface_area_A^2: 
Number_of_pockets: 6 Pocket_surface_area_A^2: 4.59402  0.043069  0.0450893  4.59402  0.0307329  0.0163766  
