@ feature_folders/KUTRUO_clean/zeo++/KUTRUO_clean_sa.txt Unitcell_volume: 4722.49   Density: 1.18846   ASA_A^2: 0 ASA_m^2/cm^3: 0 ASA_m^2/g: 0 NASA_A^2: 259.857 NASA_m^2/cm^3: 550.255 NASA_m^2/g: 463
Number_of_channels: 0 Channel_surface_area_A^2: 
Number_of_pockets: 10 Pocket_surface_area_A^2: 129.406  0.150236  0.0377979  0.0915219  0.0287126  129.797  0.101502  0.13431  0.0630901  0.047164  
