@ feature_folders/TIGSOT_clean/zeo++/TIGSOT_clean_sa.txt Unitcell_volume: 2802.63   Density: 1.79014   ASA_A^2: 83.0174 ASA_m^2/cm^3: 296.213 ASA_m^2/g: 165.469 NASA_A^2: 4.44916 NASA_m^2/cm^3: 15.875 NASA_m^2/g: 8.86802
Number_of_channels: 2 Channel_surface_area_A^2: 42.1394  40.878  
Number_of_pockets: 4 Pocket_surface_area_A^2: 1.11998  0.981973  1.16065  1.18655  
