@ feature_folders/HIQNAY_clean/zeo++/HIQNAY_clean_sa.txt Unitcell_volume: 3709.21   Density: 1.31558   ASA_A^2: 290.153 ASA_m^2/cm^3: 782.251 ASA_m^2/g: 594.608 NASA_A^2: 5.98221 NASA_m^2/cm^3: 16.128 NASA_m^2/g: 12.2593
Number_of_channels: 2 Channel_surface_area_A^2: 145.013  145.14  
Number_of_pockets: 12 Pocket_surface_area_A^2: 0.0109359  0  1.51195  0.0218718  0  1.44498  1.52905  0  0  1.46343  0  0  
