@ feature_folders/XEGKIF_clean/zeo++/XEGKIF_clean_sa.txt Unitcell_volume: 4478.5   Density: 1.3269   ASA_A^2: 145.969 ASA_m^2/cm^3: 325.933 ASA_m^2/g: 245.636 NASA_A^2: 153.594 NASA_m^2/cm^3: 342.958 NASA_m^2/g: 258.467
Number_of_channels: 1 Channel_surface_area_A^2: 145.969  
Number_of_pockets: 4 Pocket_surface_area_A^2: 102.679  50.0406  0.338385  0.535954  
