@ feature_folders/KIDXUR_clean/zeo++/KIDXUR_clean_sa.txt Unitcell_volume: 1917.46   Density: 1.40108   ASA_A^2: 0 ASA_m^2/cm^3: 0 ASA_m^2/g: 0 NASA_A^2: 23.5182 NASA_m^2/cm^3: 122.653 NASA_m^2/g: 87.5419
Number_of_channels: 0 Channel_surface_area_A^2: 
Number_of_pockets: 6 Pocket_surface_area_A^2: 3.75113  7.85665  0.0446388  8.18708  3.60533  0.0733514  
