@ feature_folders/GERWEH_clean/zeo++/GERWEH_clean_sa.txt Unitcell_volume: 2785.86   Density: 1.11428   ASA_A^2: 375.893 ASA_m^2/cm^3: 1349.29 ASA_m^2/g: 1210.91 NASA_A^2: 3.74264 NASA_m^2/cm^3: 13.4344 NASA_m^2/g: 12.0566
Number_of_channels: 2 Channel_surface_area_A^2: 187.203  188.69  
Number_of_pockets: 2 Pocket_surface_area_A^2: 2.00669  1.73595  
