@ feature_folders/LIPQOR_clean/zeo++/LIPQOR_clean_sa.txt Unitcell_volume: 4694.32   Density: 0.897942   ASA_A^2: 723.553 ASA_m^2/cm^3: 1541.34 ASA_m^2/g: 1716.52 NASA_A^2: 72.1064 NASA_m^2/cm^3: 153.604 NASA_m^2/g: 171.062
Number_of_channels: 1 Channel_surface_area_A^2: 723.553  
Number_of_pockets: 7 Pocket_surface_area_A^2: 71.8829  0.064155  0.0159261  0.0477783  0  0.0318522  0.0637045  
