@ feature_folders/ATEJOA/zeo++/ATEJOA_sa.txt Unitcell_volume: 1476.07   Density: 1.89616   ASA_A^2: 51.1863 ASA_m^2/cm^3: 346.774 ASA_m^2/g: 182.883 NASA_A^2: 1.81558 NASA_m^2/cm^3: 12.3001 NASA_m^2/g: 6.48685
Number_of_channels: 1 Channel_surface_area_A^2: 51.1863  
Number_of_pockets: 2 Pocket_surface_area_A^2: 0.828158  0.987419  
