@ feature_folders/DONKOI_clean/zeo++/DONKOI_clean_sa.txt Unitcell_volume: 5954.58   Density: 1.0337   ASA_A^2: 770.113 ASA_m^2/cm^3: 1293.31 ASA_m^2/g: 1251.14 NASA_A^2: 0.0868125 NASA_m^2/cm^3: 0.145791 NASA_m^2/g: 0.141038
Number_of_channels: 1 Channel_surface_area_A^2: 770.113  
Number_of_pockets: 6 Pocket_surface_area_A^2: 0.0252922  0.0252922  0  0.0143563  0.0109359  0.0109359  
