@ feature_folders/RUBGUS_clean/zeo++/RUBGUS_clean_sa.txt Unitcell_volume: 1765.27   Density: 1.35931   ASA_A^2: 0 ASA_m^2/cm^3: 0 ASA_m^2/g: 0 NASA_A^2: 30.9003 NASA_m^2/cm^3: 175.046 NASA_m^2/g: 128.776
Number_of_channels: 0 Channel_surface_area_A^2: 
Number_of_pockets: 6 Pocket_surface_area_A^2: 1.81632  1.5993  1.76854  1.75952  12.1755  11.7811  
