@ feature_folders/ACOLIP_clean/zeo++/ACOLIP_clean_sa.txt Unitcell_volume: 1527.86   Density: 1.04949   ASA_A^2: 0 ASA_m^2/cm^3: 0 ASA_m^2/g: 0 NASA_A^2: 75.7288 NASA_m^2/cm^3: 495.654 NASA_m^2/g: 472.282
Number_of_channels: 0 Channel_surface_area_A^2: 
Number_of_pockets: 6 Pocket_surface_area_A^2: 27.9847  9.83639  0.026862  27.3008  10.5483  0.0318522  
