@ feature_folders/ORANAY_clean/zeo++/ORANAY_clean_sa.txt Unitcell_volume: 3204.88   Density: 1.39249   ASA_A^2: 0 ASA_m^2/cm^3: 0 ASA_m^2/g: 0 NASA_A^2: 126.057 NASA_m^2/cm^3: 393.329 NASA_m^2/g: 282.464
Number_of_channels: 0 Channel_surface_area_A^2: 
Number_of_pockets: 14 Pocket_surface_area_A^2: 62.0371  0  64.0042  0  0  0  0.0159261  0  0  0  0  0  0  0  
