@ feature_folders/CAWZUX_clean/zeo++/CAWZUX_clean_sa.txt Unitcell_volume: 6622.04   Density: 1.43304   ASA_A^2: 0 ASA_m^2/cm^3: 0 ASA_m^2/g: 0 NASA_A^2: 104.477 NASA_m^2/cm^3: 157.771 NASA_m^2/g: 110.095
Number_of_channels: 0 Channel_surface_area_A^2: 
Number_of_pockets: 12 Pocket_surface_area_A^2: 26.491  0.315063  0.275774  25.8357  0.0608209  0.0970489  25.3399  0.116907  0.0842624  25.2905  0.31173  0.258006  
