@ feature_folders/MODMIB_clean/zeo++/MODMIB_clean_sa.txt Unitcell_volume: 2071.53   Density: 1.39523   ASA_A^2: 0 ASA_m^2/cm^3: 0 ASA_m^2/g: 0 NASA_A^2: 148.596 NASA_m^2/cm^3: 717.326 NASA_m^2/g: 514.127
Number_of_channels: 0 Channel_surface_area_A^2: 
Number_of_pockets: 6 Pocket_surface_area_A^2: 52.5144  20.8791  51.4569  1.52891  20.8791  1.33779  
