@ feature_folders/WIFBAQ_clean/zeo++/WIFBAQ_clean_sa.txt Unitcell_volume: 2436.28   Density: 1.2726   ASA_A^2: 166.85 ASA_m^2/cm^3: 684.858 ASA_m^2/g: 538.156 NASA_A^2: 7.99362 NASA_m^2/cm^3: 32.8108 NASA_m^2/g: 25.7825
Number_of_channels: 1 Channel_surface_area_A^2: 166.85  
Number_of_pockets: 4 Pocket_surface_area_A^2: 2.15422  1.94862  2.16734  1.72345  
