@ feature_folders/ESARUN/zeo++/ESARUN_sa.txt Unitcell_volume: 2455.35   Density: 1.14221   ASA_A^2: 212.536 ASA_m^2/cm^3: 865.606 ASA_m^2/g: 757.832 NASA_A^2: 0.076491 NASA_m^2/cm^3: 0.311528 NASA_m^2/g: 0.272741
Number_of_channels: 2 Channel_surface_area_A^2: 107.722  104.815  
Number_of_pockets: 2 Pocket_surface_area_A^2: 0.0302824  0.0462086  
