@ feature_folders/UGOCAW/zeo++/UGOCAW_sa.txt Unitcell_volume: 21691.9   Density: 0.971041   ASA_A^2: 4041.91 ASA_m^2/cm^3: 1863.32 ASA_m^2/g: 1918.89 NASA_A^2: 20.6455 NASA_m^2/cm^3: 9.51759 NASA_m^2/g: 9.80143
Number_of_channels: 1 Channel_surface_area_A^2: 4041.91  
Number_of_pockets: 8 Pocket_surface_area_A^2: 2.63823  2.31953  2.74878  2.46046  2.39883  2.80115  2.58193  2.69656  
