@ feature_folders/LEYLUX_clean/zeo++/LEYLUX_clean_sa.txt Unitcell_volume: 6126.36   Density: 1.52164   ASA_A^2: 0 ASA_m^2/cm^3: 0 ASA_m^2/g: 0 NASA_A^2: 57.4081 NASA_m^2/cm^3: 93.7066 NASA_m^2/g: 61.5827
Number_of_channels: 0 Channel_surface_area_A^2: 
Number_of_pockets: 32 Pocket_surface_area_A^2: 0.403885  0.0352268  0  4.82827  7.30755  1.8764  0.0789703  0.46759  4.6433  1.86769  0.0983267  0.368906  7.18899  0.0764549  0.254605  4.70214  0.0159261  0.0680345  0.515368  4.18716  0.346127  1.73395  0.0437435  0.33328  0.0377979  0.0646118  6.96629  6.47155  0.119243  1.96462  0.309284  0.0328077  
