@ feature_folders/mil-101-cr-a/zeo++/mil-101-cr-a_sa.txt Unitcell_volume: 175465   Density: 0.439743   ASA_A^2: 23099.8 ASA_m^2/cm^3: 1316.49 ASA_m^2/g: 2993.76 NASA_A^2: 114.111 NASA_m^2/cm^3: 6.50331 NASA_m^2/g: 14.7889
Number_of_channels: 1 Channel_surface_area_A^2: 23099.8  
Number_of_pockets: 2 Pocket_surface_area_A^2: 57.127  56.9836  
