@ feature_folders/HISJAW_clean/zeo++/HISJAW_clean_sa.txt Unitcell_volume: 7236.89   Density: 1.49458   ASA_A^2: 0 ASA_m^2/cm^3: 0 ASA_m^2/g: 0 NASA_A^2: 147.864 NASA_m^2/cm^3: 204.32 NASA_m^2/g: 136.707
Number_of_channels: 0 Channel_surface_area_A^2: 
Number_of_pockets: 8 Pocket_surface_area_A^2: 73.7106  0.0733514  0.11799  0.0733514  73.7085  0.0733514  0.0446388  0.0621347  
