@ feature_folders/KIXXOG_clean/zeo++/KIXXOG_clean_sa.txt Unitcell_volume: 1441.4   Density: 1.17163   ASA_A^2: 0 ASA_m^2/cm^3: 0 ASA_m^2/g: 0 NASA_A^2: 0.696081 NASA_m^2/cm^3: 4.82919 NASA_m^2/g: 4.12176
Number_of_channels: 0 Channel_surface_area_A^2: 
Number_of_pockets: 8 Pocket_surface_area_A^2: 0.069299  0.0696501  0.0159261  0.149281  0.181133  0.14429  0.0665017  0  
