@ feature_folders/REVYUO_clean/zeo++/REVYUO_clean_sa.txt Unitcell_volume: 2356.95   Density: 1.13884   ASA_A^2: 0 ASA_m^2/cm^3: 0 ASA_m^2/g: 0 NASA_A^2: 79.698 NASA_m^2/cm^3: 338.14 NASA_m^2/g: 296.916
Number_of_channels: 0 Channel_surface_area_A^2: 
Number_of_pockets: 7 Pocket_surface_area_A^2: 13.1437  13.4518  13.333  0.820191  13.212  13.1791  12.5582  
