@ feature_folders/KINKOJ/zeo++/KINKOJ_sa.txt Unitcell_volume: 2958.05   Density: 1.53359   ASA_A^2: 0 ASA_m^2/cm^3: 0 ASA_m^2/g: 0 NASA_A^2: 0.168294 NASA_m^2/cm^3: 0.568935 NASA_m^2/g: 0.370983
Number_of_channels: 0 Channel_surface_area_A^2: 
Number_of_pockets: 6 Pocket_surface_area_A^2: 0.0159261  0  0.0412183  0.111149  0  0  
