@ feature_folders/HADQUA_clean/zeo++/HADQUA_clean_sa.txt Unitcell_volume: 10029.1   Density: 1.02272   ASA_A^2: 0 ASA_m^2/cm^3: 0 ASA_m^2/g: 0 NASA_A^2: 652.153 NASA_m^2/cm^3: 650.258 NASA_m^2/g: 635.813
Number_of_channels: 0 Channel_surface_area_A^2: 
Number_of_pockets: 44 Pocket_surface_area_A^2: 2.2732  39.564  15.3157  38.3806  1.95025  2.23495  15.436  39.4782  1.89187  2.18192  2.27662  39.8549  2.24957  40.7532  15.1538  40.4875  40.2501  15.3694  39.9002  2.04989  1.93424  2.29307  38.3955  2.32177  2.39184  2.4775  2.00993  39.8216  14.9993  15.7714  39.4395  1.94114  2.38031  2.22079  2.23101  14.7994  14.6373  41.1687  2.5754  2.36007  2.16191  2.14045  2.48712  2.14207  
