@ feature_folders/EDAPIK_clean_h/zeo++/EDAPIK_clean_h_sa.txt Unitcell_volume: 4961.15   Density: 0.672755   ASA_A^2: 845.55 ASA_m^2/cm^3: 1704.34 ASA_m^2/g: 2533.38 NASA_A^2: 53.1394 NASA_m^2/cm^3: 107.111 NASA_m^2/g: 159.213
Number_of_channels: 2 Channel_surface_area_A^2: 421.088  424.462  
Number_of_pockets: 4 Pocket_surface_area_A^2: 26.1612  0.482721  26.0972  0.398381  
