@ feature_folders/XALBES_clean/zeo++/XALBES_clean_sa.txt Unitcell_volume: 14296.4   Density: 0.882372   ASA_A^2: 1919.7 ASA_m^2/cm^3: 1342.78 ASA_m^2/g: 1521.78 NASA_A^2: 0.130275 NASA_m^2/cm^3: 0.0911242 NASA_m^2/g: 0.103272
Number_of_channels: 4 Channel_surface_area_A^2: 875.86  877.18  83.3519  83.306  
Number_of_pockets: 8 Pocket_surface_area_A^2: 0.0377979  0.0218718  0  0.0109359  0.0109359  0  0.0218718  0.026862  
