@ feature_folders/DADPAC_clean/zeo++/DADPAC_clean_sa.txt Unitcell_volume: 1606.11   Density: 1.83384   ASA_A^2: 0 ASA_m^2/cm^3: 0 ASA_m^2/g: 0 NASA_A^2: 60.6247 NASA_m^2/cm^3: 377.462 NASA_m^2/g: 205.832
Number_of_channels: 0 Channel_surface_area_A^2: 
Number_of_pockets: 10 Pocket_surface_area_A^2: 1.03366  0.143563  28.0762  27.7282  0.990586  0.11143  1.37821  0.0861379  1.00494  0.0717816  
