@ feature_folders/HEFFAB_charged/zeo++/HEFFAB_charged_sa.txt Unitcell_volume: 7282.01   Density: 1.09841   ASA_A^2: 755.935 ASA_m^2/cm^3: 1038.09 ASA_m^2/g: 945.08 NASA_A^2: 25.3306 NASA_m^2/cm^3: 34.7852 NASA_m^2/g: 31.6687
Number_of_channels: 1 Channel_surface_area_A^2: 755.935  
Number_of_pockets: 4 Pocket_surface_area_A^2: 0.179127  13.012  12.0354  0.104084  
