@ feature_folders/HIMSAY_clean/zeo++/HIMSAY_clean_sa.txt Unitcell_volume: 2122.57   Density: 0.985668   ASA_A^2: 0 ASA_m^2/cm^3: 0 ASA_m^2/g: 0 NASA_A^2: 123.712 NASA_m^2/cm^3: 582.837 NASA_m^2/g: 591.312
Number_of_channels: 0 Channel_surface_area_A^2: 
Number_of_pockets: 8 Pocket_surface_area_A^2: 38.5827  23.138  23.5375  0.652971  0.652971  0.605192  0.637045  35.9052  
