@ feature_folders/COTVOY_clean/zeo++/COTVOY_clean_sa.txt Unitcell_volume: 4366.5   Density: 1.30534   ASA_A^2: 467.925 ASA_m^2/cm^3: 1071.63 ASA_m^2/g: 820.956 NASA_A^2: 2.55793 NASA_m^2/cm^3: 5.85809 NASA_m^2/g: 4.48779
Number_of_channels: 2 Channel_surface_area_A^2: 233.079  234.847  
Number_of_pockets: 4 Pocket_surface_area_A^2: 0.611108  0.68631  0.499003  0.761512  
