@ feature_folders/KIKDIT_clean/zeo++/KIKDIT_clean_sa.txt Unitcell_volume: 12878   Density: 1.13676   ASA_A^2: 0 ASA_m^2/cm^3: 0 ASA_m^2/g: 0 NASA_A^2: 450.577 NASA_m^2/cm^3: 349.88 NASA_m^2/g: 307.789
Number_of_channels: 0 Channel_surface_area_A^2: 
Number_of_pockets: 20 Pocket_surface_area_A^2: 17.6422  0.196846  18.063  7.23906  72.7736  86.4408  0.0546794  23.6057  0.0109359  0  18.3547  73.651  7.34586  17.9226  0.131231  0.098423  84.3595  0.0109359  22.6654  0.0109359  
