@ feature_folders/LIHRIE_clean/zeo++/LIHRIE_clean_sa.txt Unitcell_volume: 687.183   Density: 2.08632   ASA_A^2: 0 ASA_m^2/cm^3: 0 ASA_m^2/g: 0 NASA_A^2: 0.12572 NASA_m^2/cm^3: 1.8295 NASA_m^2/g: 0.876904
Number_of_channels: 0 Channel_surface_area_A^2: 
Number_of_pockets: 4 Pocket_surface_area_A^2: 0.0640288  0.0132732  0.0109359  0.0374823  
