@ feature_folders/HOWROC_clean/zeo++/HOWROC_clean_sa.txt Unitcell_volume: 6254.04   Density: 1.97188   ASA_A^2: 0 ASA_m^2/cm^3: 0 ASA_m^2/g: 0 NASA_A^2: 106.484 NASA_m^2/cm^3: 170.264 NASA_m^2/g: 86.3464
Number_of_channels: 0 Channel_surface_area_A^2: 
Number_of_pockets: 10 Pocket_surface_area_A^2: 45.8467  0.109359  3.69187  3.84944  0.0328077  0.155848  3.09132  3.25298  46.3663  0.0874871  
