@ feature_folders/EBAVUB_clean/zeo++/EBAVUB_clean_sa.txt Unitcell_volume: 3597.19   Density: 1.1957   ASA_A^2: 0 ASA_m^2/cm^3: 0 ASA_m^2/g: 0 NASA_A^2: 240.234 NASA_m^2/cm^3: 667.838 NASA_m^2/g: 558.532
Number_of_channels: 0 Channel_surface_area_A^2: 
Number_of_pockets: 6 Pocket_surface_area_A^2: 119.491  0.140195  120.299  0.0589951  0.106773  0.138626  
