@ feature_folders/ZODXIB/zeo++/ZODXIB_sa.txt Unitcell_volume: 68322.6   Density: 0.566166   ASA_A^2: 12539.5 ASA_m^2/cm^3: 1835.33 ASA_m^2/g: 3241.68 NASA_A^2: 4.63709 NASA_m^2/cm^3: 0.678705 NASA_m^2/g: 1.19877
Number_of_channels: 1 Channel_surface_area_A^2: 12539.5  
Number_of_pockets: 4 Pocket_surface_area_A^2: 1.23464  1.07672  1.27771  1.04801  
