@ feature_folders/FIPKOG_clean/zeo++/FIPKOG_clean_sa.txt Unitcell_volume: 1837.31   Density: 1.08595   ASA_A^2: 184.475 ASA_m^2/cm^3: 1004.05 ASA_m^2/g: 924.584 NASA_A^2: 0.175187 NASA_m^2/cm^3: 0.953499 NASA_m^2/g: 0.878035
Number_of_channels: 1 Channel_surface_area_A^2: 184.475  
Number_of_pockets: 8 Pocket_surface_area_A^2: 0.0318522  0.0318522  0  0.0477783  0  0  0  0.0637045  
