@ feature_folders/ILOTOT_clean/zeo++/ILOTOT_clean_sa.txt Unitcell_volume: 1733.48   Density: 1.43009   ASA_A^2: 0 ASA_m^2/cm^3: 0 ASA_m^2/g: 0 NASA_A^2: 8.80999 NASA_m^2/cm^3: 50.8226 NASA_m^2/g: 35.5381
Number_of_channels: 0 Channel_surface_area_A^2: 
Number_of_pockets: 6 Pocket_surface_area_A^2: 0.0765512  2.06942  2.33619  2.08265  2.20144  0.0437435  
