@ feature_folders/VEZMOE_clean/zeo++/VEZMOE_clean_sa.txt Unitcell_volume: 10394.3   Density: 1.37954   ASA_A^2: 0 ASA_m^2/cm^3: 0 ASA_m^2/g: 0 NASA_A^2: 0.0744845 NASA_m^2/cm^3: 0.0716593 NASA_m^2/g: 0.0519443
Number_of_channels: 0 Channel_surface_area_A^2: 
Number_of_pockets: 6 Pocket_surface_area_A^2: 0.0159261  0  0  0  0.0267062  0.0318522  
