@ feature_folders/CIRTUU_clean/zeo++/CIRTUU_clean_sa.txt Unitcell_volume: 44137.2   Density: 0.583758   ASA_A^2: 10216.6 ASA_m^2/cm^3: 2314.73 ASA_m^2/g: 3965.23 NASA_A^2: 0.710832 NASA_m^2/cm^3: 0.161051 NASA_m^2/g: 0.275886
Number_of_channels: 1 Channel_surface_area_A^2: 10216.6  
Number_of_pockets: 8 Pocket_surface_area_A^2: 0.0765512  0.142166  0.0765512  0.0874871  0.0656153  0.142166  0.0656153  0.0546794  
