@ feature_folders/XILLIP_clean/zeo++/XILLIP_clean_sa.txt Unitcell_volume: 9117.81   Density: 0.699116   ASA_A^2: 1810.2 ASA_m^2/cm^3: 1985.34 ASA_m^2/g: 2839.79 NASA_A^2: 0.20704 NASA_m^2/cm^3: 0.227072 NASA_m^2/g: 0.324798
Number_of_channels: 1 Channel_surface_area_A^2: 1810.2  
Number_of_pockets: 8 Pocket_surface_area_A^2: 0  0.0637045  0  0.0159261  0  0  0.0637045  0.0637045  
