@ feature_folders/HIYMAF_clean/zeo++/HIYMAF_clean_sa.txt Unitcell_volume: 7304.75   Density: 2.0627   ASA_A^2: 0 ASA_m^2/cm^3: 0 ASA_m^2/g: 0 NASA_A^2: 98.6599 NASA_m^2/cm^3: 135.063 NASA_m^2/g: 65.4788
Number_of_channels: 0 Channel_surface_area_A^2: 
Number_of_pockets: 20 Pocket_surface_area_A^2: 5.29376  2.93432  2.8614  3.1084  5.17057  8.23803  8.15391  2.78442  5.59761  4.80476  3.13086  2.67076  5.06951  2.34308  2.76449  5.23808  9.37276  9.37152  4.60346  5.14824  
