@ feature_folders/WOPHIU_clean/zeo++/WOPHIU_clean_sa.txt Unitcell_volume: 4043.32   Density: 1.36578   ASA_A^2: 0 ASA_m^2/cm^3: 0 ASA_m^2/g: 0 NASA_A^2: 70.3852 NASA_m^2/cm^3: 174.078 NASA_m^2/g: 127.457
Number_of_channels: 0 Channel_surface_area_A^2: 
Number_of_pockets: 6 Pocket_surface_area_A^2: 35.9052  34.3815  0.0328077  0.0218718  0.0109359  0.0328077  
