@ feature_folders/HICZEA_clean/zeo++/HICZEA_clean_sa.txt Unitcell_volume: 2060.18   Density: 1.59649   ASA_A^2: 89.8475 ASA_m^2/cm^3: 436.115 ASA_m^2/g: 273.172 NASA_A^2: 0.125225 NASA_m^2/cm^3: 0.607835 NASA_m^2/g: 0.380732
Number_of_channels: 1 Channel_surface_area_A^2: 89.8475  
Number_of_pockets: 4 Pocket_surface_area_A^2: 0.026862  0.0318522  0.0143563  0.0521542  
