@ feature_folders/DEYNIG_clean/zeo++/DEYNIG_clean_sa.txt Unitcell_volume: 3792.06   Density: 2.4194   ASA_A^2: 0 ASA_m^2/cm^3: 0 ASA_m^2/g: 0 NASA_A^2: 61.9646 NASA_m^2/cm^3: 163.406 NASA_m^2/g: 67.5399
Number_of_channels: 0 Channel_surface_area_A^2: 
Number_of_pockets: 8 Pocket_surface_area_A^2: 15.6746  0.283763  16.05  0.246703  14.3639  0.121898  15.0037  0.220058  
