@ feature_folders/ISIYOZ01_clean/zeo++/ISIYOZ01_clean_sa.txt Unitcell_volume: 2077.78   Density: 2.22064   ASA_A^2: 0 ASA_m^2/cm^3: 0 ASA_m^2/g: 0 NASA_A^2: 14.0271 NASA_m^2/cm^3: 67.5101 NASA_m^2/g: 30.4012
Number_of_channels: 0 Channel_surface_area_A^2: 
Number_of_pockets: 8 Pocket_surface_area_A^2: 1.71974  1.51982  2.12475  1.69147  1.78664  1.75563  1.49542  1.93368  
