@ feature_folders/WAPSUE_clean/zeo++/WAPSUE_clean_sa.txt Unitcell_volume: 6491.89   Density: 3.09743   ASA_A^2: 1010.12 ASA_m^2/cm^3: 1555.98 ASA_m^2/g: 502.344 NASA_A^2: 2.88891 NASA_m^2/cm^3: 4.45002 NASA_m^2/g: 1.43668
Number_of_channels: 1 Channel_surface_area_A^2: 1010.12  
Number_of_pockets: 4 Pocket_surface_area_A^2: 0.698131  0.727754  0.757413  0.70561  
