@ feature_folders/TISPAO_clean/zeo++/TISPAO_clean_sa.txt Unitcell_volume: 4582.06   Density: 1.01627   ASA_A^2: 591.594 ASA_m^2/cm^3: 1291.11 ASA_m^2/g: 1270.44 NASA_A^2: 73.8017 NASA_m^2/cm^3: 161.067 NASA_m^2/g: 158.488
Number_of_channels: 1 Channel_surface_area_A^2: 591.594  
Number_of_pockets: 10 Pocket_surface_area_A^2: 3.90948  3.92989  3.56253  21.3569  3.88124  4.04898  3.70505  21.9143  4.13584  3.3574  
