@ feature_folders/WONRUM02_clean/zeo++/WONRUM02_clean_sa.txt Unitcell_volume: 1258.17   Density: 2.59302   ASA_A^2: 0 ASA_m^2/cm^3: 0 ASA_m^2/g: 0 NASA_A^2: 1.29207 NASA_m^2/cm^3: 10.2694 NASA_m^2/g: 3.96041
Number_of_channels: 0 Channel_surface_area_A^2: 
Number_of_pockets: 4 Pocket_surface_area_A^2: 0.373264  0.344552  0.358908  0.215345  
