@ feature_folders/EPECEJ_clean/zeo++/EPECEJ_clean_sa.txt Unitcell_volume: 9625.74   Density: 0.908491   ASA_A^2: 1600.02 ASA_m^2/cm^3: 1662.23 ASA_m^2/g: 1829.66 NASA_A^2: 0.175401 NASA_m^2/cm^3: 0.18222 NASA_m^2/g: 0.200575
Number_of_channels: 1 Channel_surface_area_A^2: 1600.02  
Number_of_pockets: 4 Pocket_surface_area_A^2: 0  0.0915219  0.0838788  0  
