@ feature_folders/GARLIX_clean/zeo++/GARLIX_clean_sa.txt Unitcell_volume: 3362.3   Density: 1.16479   ASA_A^2: 347.636 ASA_m^2/cm^3: 1033.92 ASA_m^2/g: 887.648 NASA_A^2: 0.191113 NASA_m^2/cm^3: 0.5684 NASA_m^2/g: 0.487986
Number_of_channels: 1 Channel_surface_area_A^2: 347.636  
Number_of_pockets: 4 Pocket_surface_area_A^2: 0  0.111483  0.0637045  0.0159261  
