@ feature_folders/FUJCOC01/zeo++/FUJCOC01_sa.txt Unitcell_volume: 2780.11   Density: 1.56014   ASA_A^2: 0 ASA_m^2/cm^3: 0 ASA_m^2/g: 0 NASA_A^2: 7.00172 NASA_m^2/cm^3: 25.185 NASA_m^2/g: 16.1427
Number_of_channels: 0 Channel_surface_area_A^2: 
Number_of_pockets: 8 Pocket_surface_area_A^2: 1.8506  1.7838  0  0  0  0  1.54398  1.82334  
