@ feature_folders/DADNII_clean/zeo++/DADNII_clean_sa.txt Unitcell_volume: 1607.05   Density: 1.8394   ASA_A^2: 0 ASA_m^2/cm^3: 0 ASA_m^2/g: 0 NASA_A^2: 67.1744 NASA_m^2/cm^3: 417.999 NASA_m^2/g: 227.247
Number_of_channels: 0 Channel_surface_area_A^2: 
Number_of_pockets: 10 Pocket_surface_area_A^2: 1.19157  0.100494  30.453  32.1336  0.875736  0.248153  0.136722  0.961874  0.947517  0.125786  
