@ feature_folders/KIYMEM_clean/zeo++/KIYMEM_clean_sa.txt Unitcell_volume: 1568.81   Density: 1.48822   ASA_A^2: 0 ASA_m^2/cm^3: 0 ASA_m^2/g: 0 NASA_A^2: 45.3692 NASA_m^2/cm^3: 289.194 NASA_m^2/g: 194.322
Number_of_channels: 0 Channel_surface_area_A^2: 
Number_of_pockets: 9 Pocket_surface_area_A^2: 11.5147  11.3152  0  11.536  0.0159261  10.9714  0  0  0.0159261  
