@ feature_folders/JUJTAL_clean/zeo++/JUJTAL_clean_sa.txt Unitcell_volume: 2549.82   Density: 1.10464   ASA_A^2: 0 ASA_m^2/cm^3: 0 ASA_m^2/g: 0 NASA_A^2: 133.934 NASA_m^2/cm^3: 525.268 NASA_m^2/g: 475.51
Number_of_channels: 0 Channel_surface_area_A^2: 
Number_of_pockets: 9 Pocket_surface_area_A^2: 126.227  0.101502  3.24671  0.292616  0.157691  0.251678  0.254818  3.32202  0.0796306  
