@ feature_folders/EPEXOO/zeo++/EPEXOO_sa.txt Unitcell_volume: 5307.75   Density: 1.68456   ASA_A^2: 0 ASA_m^2/cm^3: 0 ASA_m^2/g: 0 NASA_A^2: 39.3869 NASA_m^2/cm^3: 74.2065 NASA_m^2/g: 44.0509
Number_of_channels: 0 Channel_surface_area_A^2: 
Number_of_pockets: 16 Pocket_surface_area_A^2: 9.6002  9.5218  0.149281  0.20704  9.43367  0.0159261  0.111483  0  10.0181  0.233902  0.0318522  0  0  0  0  0.0637045  
