@ feature_folders/XEGKAX_clean/zeo++/XEGKAX_clean_sa.txt Unitcell_volume: 10125.9   Density: 1.03321   ASA_A^2: 1913.8 ASA_m^2/cm^3: 1890.01 ASA_m^2/g: 1829.27 NASA_A^2: 0.162629 NASA_m^2/cm^3: 0.160608 NASA_m^2/g: 0.155446
Number_of_channels: 1 Channel_surface_area_A^2: 1913.8  
Number_of_pockets: 8 Pocket_surface_area_A^2: 0.0143563  0  0.0143563  0  0.076491  0  0.043069  0.0143563  
