@ feature_folders/CAWDOU02_clean/zeo++/CAWDOU02_clean_sa.txt Unitcell_volume: 3756.83   Density: 0.905214   ASA_A^2: 530.766 ASA_m^2/cm^3: 1412.8 ASA_m^2/g: 1560.74 NASA_A^2: 0.287625 NASA_m^2/cm^3: 0.765608 NASA_m^2/g: 0.845776
Number_of_channels: 2 Channel_surface_area_A^2: 264.532  266.233  
Number_of_pockets: 8 Pocket_surface_area_A^2: 0.0318522  0  0.0109359  0.0477783  0.0637045  0.026862  0.0477783  0.0587142  
