@ feature_folders/GAZLAW/zeo++/GAZLAW_sa.txt Unitcell_volume: 3832.14   Density: 1.13599   ASA_A^2: 0 ASA_m^2/cm^3: 0 ASA_m^2/g: 0 NASA_A^2: 275.14 NASA_m^2/cm^3: 717.979 NASA_m^2/g: 632.03
Number_of_channels: 0 Channel_surface_area_A^2: 
Number_of_pockets: 8 Pocket_surface_area_A^2: 67.9682  0.702337  67.7794  68.1376  68.6466  0.626223  0.555353  0.724209  
