@ feature_folders/ESARUN_clean/zeo++/ESARUN_clean_sa.txt Unitcell_volume: 2455.35   Density: 1.14221   ASA_A^2: 206.941 ASA_m^2/cm^3: 842.817 ASA_m^2/g: 737.88 NASA_A^2: 0.0477783 NASA_m^2/cm^3: 0.194589 NASA_m^2/g: 0.170361
Number_of_channels: 2 Channel_surface_area_A^2: 104.704  102.237  
Number_of_pockets: 2 Pocket_surface_area_A^2: 0.0318522  0.0159261  
