@ feature_folders/VUCTOE_clean/zeo++/VUCTOE_clean_sa.txt Unitcell_volume: 1304.72   Density: 2.10425   ASA_A^2: 0 ASA_m^2/cm^3: 0 ASA_m^2/g: 0 NASA_A^2: 4.39307 NASA_m^2/cm^3: 33.6705 NASA_m^2/g: 16.0012
Number_of_channels: 0 Channel_surface_area_A^2: 
Number_of_pockets: 6 Pocket_surface_area_A^2: 1.14851  1.09605  0.043069  0.856442  0.043069  1.20593  
