@ feature_folders/FERVOP_clean/zeo++/FERVOP_clean_sa.txt Unitcell_volume: 1810.11   Density: 1.60689   ASA_A^2: 0 ASA_m^2/cm^3: 0 ASA_m^2/g: 0 NASA_A^2: 42.1418 NASA_m^2/cm^3: 232.814 NASA_m^2/g: 144.884
Number_of_channels: 0 Channel_surface_area_A^2: 
Number_of_pockets: 6 Pocket_surface_area_A^2: 7.12086  6.85687  7.05064  7.22463  7.10451  6.78426  
