@ feature_folders/FUYCAF/zeo++/FUYCAF_sa.txt Unitcell_volume: 5644.32   Density: 1.57717   ASA_A^2: 0 ASA_m^2/cm^3: 0 ASA_m^2/g: 0 NASA_A^2: 117.163 NASA_m^2/cm^3: 207.577 NASA_m^2/g: 131.613
Number_of_channels: 0 Channel_surface_area_A^2: 
Number_of_pockets: 28 Pocket_surface_area_A^2: 4.70345  5.39884  4.36564  4.16174  4.77366  4.56617  4.84051  5.06864  4.79744  5.19  4.64312  4.49462  0.222966  5.12024  5.26783  4.65231  5.02917  0.175187  5.1227  4.78331  4.7149  0.175187  4.67991  0.254818  4.96523  5.20704  5.18843  4.60005  
