@ feature_folders/COTVUE_clean/zeo++/COTVUE_clean_sa.txt Unitcell_volume: 4421.91   Density: 1.32545   ASA_A^2: 499.828 ASA_m^2/cm^3: 1130.35 ASA_m^2/g: 852.8 NASA_A^2: 4.3764 NASA_m^2/cm^3: 9.89709 NASA_m^2/g: 7.46694
Number_of_channels: 2 Channel_surface_area_A^2: 252.352  247.476  
Number_of_pockets: 8 Pocket_surface_area_A^2: 1.07046  0  1.24566  0  0  0.886576  1.1737  0  
