@ feature_folders/CAWZUX/zeo++/CAWZUX_sa.txt Unitcell_volume: 6622.04   Density: 1.43304   ASA_A^2: 0 ASA_m^2/cm^3: 0 ASA_m^2/g: 0 NASA_A^2: 103.681 NASA_m^2/cm^3: 156.569 NASA_m^2/g: 109.256
Number_of_channels: 0 Channel_surface_area_A^2: 
Number_of_pockets: 12 Pocket_surface_area_A^2: 25.3267  0.312081  0.183648  25.4781  0.0720127  0.0850552  26.0607  0.0252922  0.0159261  25.5368  0.314879  0.269293  
