@ feature_folders/NAPFOA/zeo++/NAPFOA_sa.txt Unitcell_volume: 5726.57   Density: 1.71635   ASA_A^2: 533.669 ASA_m^2/cm^3: 931.918 ASA_m^2/g: 542.964 NASA_A^2: 13.8617 NASA_m^2/cm^3: 24.2059 NASA_m^2/g: 14.1031
Number_of_channels: 1 Channel_surface_area_A^2: 533.669  
Number_of_pockets: 4 Pocket_surface_area_A^2: 3.43505  3.33949  3.58338  3.50375  
