@ feature_folders/SETDUS_clean/zeo++/SETDUS_clean_sa.txt Unitcell_volume: 800.302   Density: 1.05303   ASA_A^2: 35.3822 ASA_m^2/cm^3: 442.111 ASA_m^2/g: 419.846 NASA_A^2: 16.3284 NASA_m^2/cm^3: 204.028 NASA_m^2/g: 193.753
Number_of_channels: 1 Channel_surface_area_A^2: 35.3822  
Number_of_pockets: 4 Pocket_surface_area_A^2: 6.87386  0.985082  7.35104  1.11844  
