@ feature_folders/CAVTAW_clean/zeo++/CAVTAW_clean_sa.txt Unitcell_volume: 1294.95   Density: 1.54626   ASA_A^2: 0 ASA_m^2/cm^3: 0 ASA_m^2/g: 0 NASA_A^2: 10.8876 NASA_m^2/cm^3: 84.077 NASA_m^2/g: 54.3746
Number_of_channels: 0 Channel_surface_area_A^2: 
Number_of_pockets: 6 Pocket_surface_area_A^2: 4.78617  0.0159261  0.689304  4.94229  0  0.453867  
