@ feature_folders/GAVYAG_clean/zeo++/GAVYAG_clean_sa.txt Unitcell_volume: 2033.6   Density: 1.18769   ASA_A^2: 104.459 ASA_m^2/cm^3: 513.665 ASA_m^2/g: 432.492 NASA_A^2: 8.70198 NASA_m^2/cm^3: 42.7911 NASA_m^2/g: 36.029
Number_of_channels: 2 Channel_surface_area_A^2: 52.3848  52.0738  
Number_of_pockets: 8 Pocket_surface_area_A^2: 1.70699  0.331247  0.619425  1.51645  0.453145  1.76419  1.83495  0.475578  
