@ feature_folders/BEKSAM_clean/zeo++/BEKSAM_clean_sa.txt Unitcell_volume: 873.221   Density: 2.89234   ASA_A^2: 0 ASA_m^2/cm^3: 0 ASA_m^2/g: 0 NASA_A^2: 4.41379 NASA_m^2/cm^3: 50.546 NASA_m^2/g: 17.4758
Number_of_channels: 0 Channel_surface_area_A^2: 
Number_of_pockets: 6 Pocket_surface_area_A^2: 1.26719  0.473759  0.459402  0.964433  0.559897  0.689104  
