@ feature_folders/REYCOP_clean/zeo++/REYCOP_clean_sa.txt Unitcell_volume: 3134.66   Density: 1.19707   ASA_A^2: 0 ASA_m^2/cm^3: 0 ASA_m^2/g: 0 NASA_A^2: 5.8281 NASA_m^2/cm^3: 18.5925 NASA_m^2/g: 15.5317
Number_of_channels: 0 Channel_surface_area_A^2: 
Number_of_pockets: 12 Pocket_surface_area_A^2: 1.15485  1.25266  0.115244  0.211817  0.167118  0.12119  0.0596697  0.146201  0.162127  0.074026  1.23515  1.12805  
