@ feature_folders/XALDEU_clean/zeo++/XALDEU_clean_sa.txt Unitcell_volume: 14240.8   Density: 1.01761   ASA_A^2: 0 ASA_m^2/cm^3: 0 ASA_m^2/g: 0 NASA_A^2: 1339.52 NASA_m^2/cm^3: 940.622 NASA_m^2/g: 924.343
Number_of_channels: 0 Channel_surface_area_A^2: 
Number_of_pockets: 10 Pocket_surface_area_A^2: 633.215  632.715  9.49439  8.91245  9.22906  8.84407  9.78085  8.86849  9.47772  8.97902  
