@ feature_folders/RUWWUC_clean/zeo++/RUWWUC_clean_sa.txt Unitcell_volume: 977.348   Density: 1.54997   ASA_A^2: 59.0141 ASA_m^2/cm^3: 603.818 ASA_m^2/g: 389.568 NASA_A^2: 0.701411 NASA_m^2/cm^3: 7.17668 NASA_m^2/g: 4.6302
Number_of_channels: 1 Channel_surface_area_A^2: 59.0141  
Number_of_pockets: 2 Pocket_surface_area_A^2: 0.337928  0.363483  
