@ feature_folders/MAQZOV_clean/zeo++/MAQZOV_clean_sa.txt Unitcell_volume: 1876.95   Density: 1.76237   ASA_A^2: 0 ASA_m^2/cm^3: 0 ASA_m^2/g: 0 NASA_A^2: 0.341477 NASA_m^2/cm^3: 1.81932 NASA_m^2/g: 1.03232
Number_of_channels: 0 Channel_surface_area_A^2: 
Number_of_pockets: 6 Pocket_surface_area_A^2: 0.0487338  0.0109359  0.0437435  0.125285  0.101843  0.0109359  
