@ feature_folders/JUJZEV_clean/zeo++/JUJZEV_clean_sa.txt Unitcell_volume: 2825.97   Density: 1.57643   ASA_A^2: 0 ASA_m^2/cm^3: 0 ASA_m^2/g: 0 NASA_A^2: 8.58185 NASA_m^2/cm^3: 30.3678 NASA_m^2/g: 19.2637
Number_of_channels: 0 Channel_surface_area_A^2: 
Number_of_pockets: 8 Pocket_surface_area_A^2: 2.63786  0.776874  0.397238  0.335191  2.76694  0.954928  0.321993  0.390826  
