@ feature_folders/PEDGUA_clean/zeo++/PEDGUA_clean_sa.txt Unitcell_volume: 2595.47   Density: 1.93076   ASA_A^2: 0 ASA_m^2/cm^3: 0 ASA_m^2/g: 0 NASA_A^2: 44.4075 NASA_m^2/cm^3: 171.096 NASA_m^2/g: 88.616
Number_of_channels: 0 Channel_surface_area_A^2: 
Number_of_pockets: 6 Pocket_surface_area_A^2: 15.86  2.90319  2.95779  16.5011  3.0679  3.11754  
