@ feature_folders/FIPKUM_clean/zeo++/FIPKUM_clean_sa.txt Unitcell_volume: 1757.9   Density: 1.04617   ASA_A^2: 124.108 ASA_m^2/cm^3: 706.004 ASA_m^2/g: 674.847 NASA_A^2: 12.6587 NASA_m^2/cm^3: 72.0101 NASA_m^2/g: 68.8322
Number_of_channels: 1 Channel_surface_area_A^2: 124.108  
Number_of_pockets: 4 Pocket_surface_area_A^2: 0  5.95225  6.69048  0.0159261  
