@ feature_folders/MIHLUL_clean/zeo++/MIHLUL_clean_sa.txt Unitcell_volume: 6020.47   Density: 1.42077   ASA_A^2: 0 ASA_m^2/cm^3: 0 ASA_m^2/g: 0 NASA_A^2: 128.17 NASA_m^2/cm^3: 212.891 NASA_m^2/g: 149.842
Number_of_channels: 0 Channel_surface_area_A^2: 
Number_of_pockets: 12 Pocket_surface_area_A^2: 1.97038  3.19129  27.0697  26.7268  3.52093  26.5679  3.09109  2.2943  26.4186  3.37977  1.96091  1.97869  
