@ feature_folders/ZEDZAL01_clean/zeo++/ZEDZAL01_clean_sa.txt Unitcell_volume: 5564.86   Density: 1.03183   ASA_A^2: 725.292 ASA_m^2/cm^3: 1303.34 ASA_m^2/g: 1263.13 NASA_A^2: 0.131231 NASA_m^2/cm^3: 0.23582 NASA_m^2/g: 0.228545
Number_of_channels: 1 Channel_surface_area_A^2: 725.292  
Number_of_pockets: 12 Pocket_surface_area_A^2: 0.0109359  0.0218718  0.0109359  0.0109359  0  0.0109359  0  0.0109359  0.0109359  0.0109359  0.0109359  0.0218718  
