@ feature_folders/NAWKII_clean/zeo++/NAWKII_clean_sa.txt Unitcell_volume: 2506.51   Density: 0.947947   ASA_A^2: 253.652 ASA_m^2/cm^3: 1011.97 ASA_m^2/g: 1067.54 NASA_A^2: 0.554731 NASA_m^2/cm^3: 2.21316 NASA_m^2/g: 2.33468
Number_of_channels: 1 Channel_surface_area_A^2: 253.652  
Number_of_pockets: 2 Pocket_surface_area_A^2: 0.24226  0.312471  
