@ feature_folders/AZAVII/zeo++/AZAVII_sa.txt Unitcell_volume: 2490.42   Density: 1.21365   ASA_A^2: 0 ASA_m^2/cm^3: 0 ASA_m^2/g: 0 NASA_A^2: 69.0308 NASA_m^2/cm^3: 277.186 NASA_m^2/g: 228.39
Number_of_channels: 0 Channel_surface_area_A^2: 
Number_of_pockets: 6 Pocket_surface_area_A^2: 18.6852  17.9765  7.93767  8.48337  8.12149  7.82657  
