@ feature_folders/HEFDON_clean/zeo++/HEFDON_clean_sa.txt Unitcell_volume: 3711.12   Density: 1.26616   ASA_A^2: 329.35 ASA_m^2/cm^3: 887.468 ASA_m^2/g: 700.916 NASA_A^2: 36.4581 NASA_m^2/cm^3: 98.2403 NASA_m^2/g: 77.5895
Number_of_channels: 1 Channel_surface_area_A^2: 329.35  
Number_of_pockets: 6 Pocket_surface_area_A^2: 16.1046  2.27173  0.0720963  15.5801  2.33622  0.0933637  
