@ feature_folders/DOLPIF_clean/zeo++/DOLPIF_clean_sa.txt Unitcell_volume: 1964.87   Density: 1.62328   ASA_A^2: 0 ASA_m^2/cm^3: 0 ASA_m^2/g: 0 NASA_A^2: 5.28256 NASA_m^2/cm^3: 26.8851 NASA_m^2/g: 16.5622
Number_of_channels: 0 Channel_surface_area_A^2: 
Number_of_pockets: 10 Pocket_surface_area_A^2: 0.0605649  0.0446388  0.11642  1.74268  0.0589951  0.0908473  0.102064  2.04842  0.579848  0.438082  
