@ feature_folders/UFASAW/zeo++/UFASAW_sa.txt Unitcell_volume: 4771.81   Density: 1.90092   ASA_A^2: 0 ASA_m^2/cm^3: 0 ASA_m^2/g: 0 NASA_A^2: 32.0473 NASA_m^2/cm^3: 67.1597 NASA_m^2/g: 35.33
Number_of_channels: 0 Channel_surface_area_A^2: 
Number_of_pockets: 10 Pocket_surface_area_A^2: 3.87314  4.11907  3.07871  2.25123  2.69896  3.97403  3.74292  2.92287  2.70181  2.6846  
