@ feature_folders/OKIMAY_clean/zeo++/OKIMAY_clean_sa.txt Unitcell_volume: 2422.67   Density: 1.26301   ASA_A^2: 0 ASA_m^2/cm^3: 0 ASA_m^2/g: 0 NASA_A^2: 51.0115 NASA_m^2/cm^3: 210.559 NASA_m^2/g: 166.712
Number_of_channels: 0 Channel_surface_area_A^2: 
Number_of_pockets: 8 Pocket_surface_area_A^2: 10.7196  11.3965  1.60911  2.0398  10.6148  1.80461  1.92356  10.9036  
